Time[s] CO2_smooth[ppm] dCO2_dt[ppm/s] d2CO2_dt2[ppm/s^2]
0 403 nan nan
1 420 nan nan
2 434 12.5 -3
3 434 -7 -16.75
4 450 24 23.5
5 464 13 -6.5
6 478 14 0.5
7 490 11 -2.5
8 501 10.5 -0.75
9 504 -1 -9.75
10 507 3 2
11 510 3 0
12 513 3 0
13 516 3 0
14 518 1.5 -1.25
15 521 3.5 1.5
16 523 1.5 -1.5
17 526 3.5 1.5
18 527 0 -2.75
19 529 2.5 1.75
20 529 -1 -2.75
21 530 1.5 1.75
22 530 -0.5 -1.5
23 530 0 0.25
24 531 1.5 1.25
25 531 -0.5 -1.5
26 531 0 0.25
27 532 1.5 1.25
28 532 -0.5 -1.5
29 532 0 0.25
30 533 1.5 1.25
31 535 2.5 1
32 538 3.5 1
33 542 4.5 1
34 545 2.5 -1.5
35 548 3 0.25
36 549 0 -2.5
37 550 1 0.5
38 552 2.5 1.25
39 554 2 -0.25
40 555 0.5 -1.25
41 557 2.5 1.5
42 558 0.5 -1.5
43 560 2.5 1.5
44 561 0.5 -1.5
45 563 2.5 1.5
46 564 0.5 -1.5
47 566 2.5 1.5
48 567 0.5 -1.5
49 567 -0.5 -1
50 568 1.5 1.5
51 570 2.5 1
52 573 3.5 1
53 575 1.5 -1.5
54 578 3.5 1.5
55 580 1.5 -1.5
56 581 0.5 -1
57 581 -0.5 -1
58 582 1.5 1.5
59 582 -0.5 -1.5
60 583 1.5 1.5
61 585 2.5 1
62 588 3.5 1
63 591 3 -0.25
64 593 1.5 -1.25
65 594 0.5 -1
66 596 2.5 1.5
67 598 2 -0.25
68 600 2 0
69 608 11 7.5
70 622 17 6
71 634 11 -4
72 648 15 3
73 658 8 -5.5
74 670 13 3.5
75 680 9 -3
76 692 13 3
77 702 9 -3
78 714 13 3
79 724 9 -3
80 736 13 3
81 746 9 -3
82 756 10 0.5
83 768 13 2.5
84 780 12 -0.5
85 792 12 0
86 804 12 0
87 818 15 2.5
88 830 11 -3
89 842 12 0.5
90 852 9 -2.5
91 864 13 3
92 874 9 -3
93 886 13 3
94 896 9 -3
95 908 13 3
96 922 15 2
97 934 11 -3
98 946 12 0.5
99 958 12 0
100 970 12 0
101 980 9 -2.5
102 986 4 -4.5
103 994 9 3.5
104 1002 8 -0.5
105 1011 9.5 1.25
106 1020 9 -0.25
107 1030 10.5 1.25
108 1038 7 -2.75
109 1045 6.5 -0.75
110 1050 4 -2.25
111 1055 5 0.5
112 1060 5 0
113 1068 9.5 3.75
114 1076 8 -0.75
115 1083 6.5 -1.25
116 1090 7 0.25
117 1097 7 0
118 1103 5.5 -1.25
119 1110 7.5 1.5
120 1117 7 -0.25
121 1123 5.5 -1.25
122 1130 7.5 1.5
123 1136 5.5 -1.5
124 1142 6 0.25
125 1149 7.5 1.25
126 1155 5.5 -1.5
127 1160 4.5 -1
128 1166 6.5 1.5
129 1172 6 -0.25
130 1178 6 0
131 1184 6 0
132 1188 3 -2.5
133 1192 4 0.5
134 1196 4 0
135 1202 7 2.5
136 1209 7.5 0.75
137 1216 7 -0.25
138 1222 5.5 -1.25
139 1228 6 0.25
140 1233 4.5 -1.25
141 1239 6.5 1.5
142 1245 6 -0.25
143 1245 -3 -7.5
144 1251 9 9
145 1257 6 -1.5
146 1262 4.5 -1.25
147 1264 0.5 -3.5
148 1266 2 0.75
149 1267 0.5 -1.25
150 1270 4 2.75
151 1277 9 4.5
152 1287 11.5 2.75
153 1296 8.5 -2
154 1303 6 -2.25
155 1309 5.5 -0.75
156 1314 4.5 -1
157 1319 5 0.25
158 1324 5 0
159 1330 6.5 1.25
160 1336 6 -0.25
161 1341 4.5 -1.25
162 1346 5 0.25
163 1350 3.5 -1.25
164 1352 1 -2.25
165 1355 3.5 1.75
166 1359 4.5 1
167 1366 8.5 3.5
168 1372 5.5 -2
169 1375 1.5 -3.5
170 1377 1.5 -0.5
171 1378 0.5 -1
172 1379 1 0.25
173 1380 1 0
174 1381 1 0
175 1383 2.5 1.25
176 1385 2 -0.25
177 1391 8 5
178 1401 12 4
179 1416 17.5 5.25
180 1427 9 -6.25
181 1433 3.5 -5.25
182 1434 -1.5 -5
183 1437 4 3.75
184 1442 6 2
185 1450 9.5 3.25
186 1455 3.5 -4.5
187 1458 2 -1.75
188 1459 0 -2
189 1462 4 3
190 1467 6 2
191 1475 9.5 3.25
192 1480 3.5 -4.5
193 1484 3.5 -0.5
194 1484 -2 -4.75
195 1485 1.5 2.25
196 1486 1 -0.25
197 1488 2.5 1.25
198 1492 5 2.25
199 1500 10 4.5
200 1511 12.5 2.75
201 1519 6.5 -4.5
202 1523 2 -4.25
203 1526 2.5 -0.25
204 1532 7.5 4
205 1541 10.5 3
206 1549 7.5 -2
207 1554 3.5 -3.5
208 1556 0.5 -3
209 1557 0.5 -0.5
210 1558 1 0.25
211 1559 1 0
212 1560 1 0
213 1564 5.5 3.75
214 1571 8.5 3
215 1582 13 4.25
216 1590 6.5 -4.75
217 1594 2 -4.25
218 1596 1 -1.5
219 1599 3.5 1.75
220 1604 6 2.25
221 1611 8 2
222 1616 4 -3
223 1618 0.5 -3.25
224 1619 0.5 -0.5
225 1620 1 0.25
226 1621 1 0
227 1626 7 5
228 1633 8 1.5
229 1643 11.5 3.25
230 1649 4 -5.75
231 1653 3 -1.5
232 1654 -0.5 -3.25
233 1655 1 0.75
234 1656 1 0
235 1657 1 0
236 1659 2.5 1.25
237 1660 0.5 -1.5
238 1665 7 5.25
239 1673 9.5 2.75
240 1685 14 4.25
241 1692 4.5 -7.25
242 1698 5.5 0
243 1703 4.5 -1
244 1711 9.5 4
245 1717 5 -3.25
246 1720 1.5 -3.25
247 1721 0 -1.75
248 1722 1 0.5
249 1723 1 0
250 1726 4 2.5
251 1733 9 4.5
252 1743 11.5 2.75
253 1751 7 -3.25
254 1755 2 -4.5
255 1756 -0.5 -2.75
256 1757 1 0.75
257 1758 1 0
258 1759 1 0
259 1760 1 0
260 1762 2.5 1.25
261 1768 8 4.75
262 1777 10.5 2.75
263 1789 13.5 3
264 1798 7.5 -4.5
265 1803 3 -4.25
266 1804 -1 -4
267 1805 1 1
268 1806 1 0
269 1807 1 0
270 1808 1 0
271 1810 2.5 1.25
272 1811 0.5 -1.5
273 1812 1 0.25
274 1813 1 0
275 1815 2.5 1.25
276 1817 2 -0.25
277 1819 2 0
278 1821 2 0
279 1821 -1 -2.5
280 1823 3 3
281 1826 3.5 0.75
282 1828 1.5 -1.5
283 1830 2 0.25
284 1833 3.5 1.25
285 1836 3 -0.25
286 1838 1.5 -1.25
287 1841 3.5 1.5
288 1844 3 -0.25
289 1847 3 0
290 1850 3 0
291 1853 3 0
292 1856 3 0
293 1860 4.5 1.25
294 1863 2.5 -1.5
295 1866 3 0.25
296 1870 4.5 1.25
297 1874 4 -0.25
298 1877 2.5 -1.25
299 1881 4.5 1.5
300 1884 2.5 -1.5
301 1887 3 0.25
302 1891 4.5 1.25
303 1894 2.5 -1.5
304 1898 4.5 1.5
305 1901 2.5 -1.5
306 1904 3 0.25
307 1908 4.5 1.25
308 1911 2.5 -1.5
309 1915 4.5 1.5
310 1918 2.5 -1.5
311 1922 4.5 1.5
312 1925 2.5 -1.5
313 1928 3 0.25
314 1932 4.5 1.25
315 1936 4 -0.25
316 1939 2.5 -1.25
317 1943 4.5 1.5
318 1947 4 -0.25
319 1951 4 0
320 1954 2.5 -1.25
321 1966 16.5 11.5
322 1985 22.5 6.5
323 2015 35.5 12
324 2035 15 -15.25
325 2047 8 -7.5
326 2048 -4.5 -11.75
327 2049 1 2.75
328 2051 2.5 1.25
329 2053 2 -0.25
330 2055 2 0
331 2057 2 0
332 2059 2 0
333 2061 2 0
334 2063 2 0
335 2065 2 0
336 2068 3.5 1.25
337 2070 1.5 -1.5
338 2073 3.5 1.5
339 2076 3 -0.25
340 2079 3 0
341 2083 4.5 1.25
342 2086 2.5 -1.5
343 2090 4.5 1.5
344 2093 2.5 -1.5
345 2097 4.5 1.5
346 2101 4 -0.25
347 2104 2.5 -1.25
348 2108 4.5 1.5
349 2112 4 -0.25
350 2116 4 0
351 2128 16 10
352 2148 24 8
353 2176 32 8
354 2196 16 -12
355 2207 6.5 -9.25
356 2209 -2.5 -9
357 2210 0.5 1
358 2214 5.5 4
359 2222 10 4.25
360 2231 9.5 0.25
361 2238 6 -2.75
362 2242 2.5 -3.25
363 2243 -0.5 -3
364 2244 1 0.75
365 2245 1 0
366 2246 1 0
367 2248 2.5 1.25
368 2250 2 -0.25
369 2253 3.5 1.25
370 2255 1.5 -1.5
371 2258 3.5 1.5
372 2261 3 -0.25
373 2264 3 0
374 2267 3 0
375 2270 3 0
376 2273 3 0
377 2276 3 0
378 2280 4.5 1.25
379 2283 2.5 -1.5
380 2286 3 0.25
381 2290 4.5 1.25
382 2293 2.5 -1.5
383 2297 4.5 1.5
384 2301 4 -0.25
385 2305 4 0
386 2309 4 0
387 2313 4 0
388 2317 4 0
389 2322 5.5 1.25
390 2326 3.5 -1.5
391 2330 4 0.25
392 2335 5.5 1.25
393 2348 17 9.75
394 2371 28 10.5
395 2404 38 10
396 2427 18 -15
397 2439 6.5 -11.25
398 2441 -3 -9.75
399 2444 3.5 3.75
400 2451 9 4.75
401 2460 10 1.5
402 2467 6 -3
403 2470 1 -4.5
404 2471 0 -1.5
405 2472 1 0.5
406 2474 2.5 1.25
407 2475 0.5 -1.5
408 2477 2.5 1.5
409 2479 2 -0.25
410 2481 2 0
411 2483 2 0
412 2483 -1 -2.5
413 2485 3 3
414 2487 2 -0.5
415 2490 3.5 1.25
416 2493 3 -0.25
417 2502 12 7.5
418 2517 18 6
419 2538 24 6
420 2552 10.5 -10.25
421 2560 5 -5.75
422 2561 -2.5 -7.25
423 2562 1 1.75
424 2564 2.5 1.25
425 2566 2 -0.25
426 2568 2 0
427 2570 2 0
428 2572 2 0
429 2574 2 0
430 2576 2 0
431 2579 3.5 1.25
432 2582 3 -0.25
433 2585 3 0
434 2588 3 0
435 2591 3 0
436 2595 4.5 1.25
437 2598 2.5 -1.5
438 2602 4.5 1.5
439 2606 4 -0.25
440 2609 2.5 -1.25
441 2613 4.5 1.5
442 2617 4 -0.25
443 2621 4 0
444 2626 5.5 1.25
445 2630 3.5 -1.5
446 2634 4 0.25
447 2639 5.5 1.25
448 2644 5 -0.25
449 2648 3.5 -1.25
450 2653 5.5 1.5
451 2657 3.5 -1.5
452 2661 4 0.25
453 2666 5.5 1.25
454 2670 3.5 -1.5
455 2675 5.5 1.5
456 2680 5 -0.25
457 2685 5 0
458 2690 5 0
459 2695 5 0
460 2700 5 0
461 2705 5 0
462 2710 5 0
463 2714 3.5 -1.25
464 2719 5.5 1.5
465 2734 20 12.25
466 2758 28.5 8.75
467 2791 37.5 9
468 2813 16.5 -16
469 2824 5.5 -11
470 2828 0.5 -6
471 2836 10 6.75
472 2849 15.5 5.25
473 2861 11.5 -2.5
474 2868 4.5 -6
475 2871 1 -3.75
476 2873 1.5 -0.25
477 2874 0.5 -1
478 2875 1 0.25
479 2877 2.5 1.25
480 2878 0.5 -1.5
481 2879 1 0.25
482 2881 2.5 1.25
483 2883 2 -0.25
484 2885 2 0
485 2888 3.5 1.25
486 2891 3 -0.25
487 2894 3 0
488 2897 3 0
489 2900 3 0
490 2903 3 0
491 2906 3 0
492 2909 3 0
493 2913 4.5 1.25
494 2917 4 -0.25
495 2921 4 0
496 2932 14.5 8.75
497 2952 24.5 9.5
498 2978 29 5.25
499 2996 14 -11.5
500 3006 6 -8
501 3007 -3.5 -9.25
502 3008 1 2.25
503 3010 2.5 1.25
504 3012 2 -0.25
505 3014 2 0
506 3016 2 0
507 3018 2 0
508 3021 3.5 1.25
509 3024 3 -0.25
510 3027 3 0
511 3030 3 0
512 3033 3 0
513 3036 3 0
514 3040 4.5 1.25
515 3043 2.5 -1.5
516 3047 4.5 1.5
517 3051 4 -0.25
518 3055 4 0
519 3059 4 0
520 3063 4 0
521 3067 4 0
522 3071 4 0
523 3075 4 0
524 3079 4 0
525 3084 5.5 1.25
526 3088 3.5 -1.5
527 3092 4 0.25
528 3097 5.5 1.25
529 3102 5 -0.25
530 3106 3.5 -1.25
531 3111 5.5 1.5
532 3116 5 -0.25
533 3121 5 0
534 3126 5 0
535 3131 5 0
536 3136 5 0
537 3141 5 0
538 3146 5 0
539 3151 5 0
540 3156 5 0
541 3162 6.5 1.25
542 3167 4.5 -1.5
543 3173 6.5 1.5
544 3173 -3 -7.75
545 3178 7.5 7.75
546 3183 5 -1.25
547 3189 6.5 1.25
548 3194 4.5 -1.5
549 3199 5 0.25
550 3204 5 0
551 3210 6.5 1.25
552 3215 4.5 -1.5
553 3220 5 0.25
554 3226 6.5 1.25
555 3231 4.5 -1.5
556 3237 6.5 1.5
557 3242 4.5 -1.5
558 3259 23 15.25
559 3286 32 9.5
560 3324 43.5 11.25
561 3350 20 -17.75
562 3363 6.5 -13.25
563 3364 -5 -11.75
564 3365 1 3
565 3366 1 0
566 3372 8.5 6.25
567 3382 12 3.75
568 3398 19 6.5
569 3412 13 -4
570 3421 6.5 -5.75
571 3425 1.5 -5
572 3427 1 -1.25
573 3428 0.5 -0.75
574 3434 8.5 6.5
575 3444 12 3.75
576 3459 17.5 5.25
577 3472 12 -3.75
578 3481 7 -4.5
579 3484 0 -6.5
580 3488 4.5 2.75
581 3496 10 4.75
582 3507 12.5 2.75
583 3516 8 -3.25
584 3521 3 -4.5
585 3523 0.5 -2.75
586 3524 0.5 -0.5
587 3525 1 0.25
588 3531 8.5 6.25
589 3542 13.5 5
590 3559 20 6.25
591 3574 14 -4
592 3586 10.5 -3.25
593 3595 7.5 -3
594 3602 6 -1.75
595 3609 7 0.5
596 3614 4 -2.5
597 3620 6.5 1.75
598 3627 7.5 1
599 3636 10 2.25
600 3646 10.5 0.75
