Time[s] CO2_smooth[ppm] dCO2_dt[ppm/s] d2CO2_dt2[ppm/s^2]
0 424 nan nan
1 426 nan nan
2 426 -1 -2
3 426 0 0.5
4 426 0 0
5 426 0 0
6 427 1.5 1.25
7 427 -0.5 -1.5
8 427 0 0.25
9 427 0 0
10 428 1.5 1.25
11 428 -0.5 -1.5
12 429 1.5 1.5
13 429 -0.5 -1.5
14 430 1.5 1.5
15 431 1 -0.25
16 432 1 0
17 433 1 0
18 433 -0.5 -1.25
19 434 1.5 1.5
20 435 1 -0.25
21 436 1 0
22 436 -0.5 -1.25
23 437 1.5 1.5
24 438 1 -0.25
25 439 1 0
26 440 1 0
27 441 1 0
28 442 1 0
29 443 1 0
30 444 1 0
31 445 1 0
32 447 2.5 1.25
33 447 -1 -2.75
34 448 1.5 1.75
35 449 1 -0.25
36 450 1 0
37 450 -0.5 -1.25
38 450 0 0.25
39 451 1.5 1.25
40 452 1 -0.25
41 453 1 0
42 455 2.5 1.25
43 456 0.5 -1.5
44 457 1 0.25
45 458 1 0
46 460 2.5 1.25
47 461 0.5 -1.5
48 463 2.5 1.5
49 464 0.5 -1.5
50 465 1 0.25
51 467 2.5 1.25
52 468 0.5 -1.5
53 470 2.5 1.5
54 472 2 -0.25
55 474 2 0
56 475 0.5 -1.25
57 477 2.5 1.5
58 479 2 -0.25
59 480 0.5 -1.25
60 482 2.5 1.5
61 483 0.5 -1.5
62 485 2.5 1.5
63 487 2 -0.25
64 489 2 0
65 490 0.5 -1.25
66 492 2.5 1.5
67 494 2 -0.25
68 496 2 0
69 497 0.5 -1.25
70 499 2.5 1.5
71 501 2 -0.25
72 501 -1 -2.5
73 502 1.5 1.75
74 503 1 -0.25
75 503 -0.5 -1.25
76 504 1.5 1.5
77 505 1 -0.25
78 505 -0.5 -1.25
79 506 1.5 1.5
80 507 1 -0.25
81 507 -0.5 -1.25
82 508 1.5 1.5
83 509 1 -0.25
84 509 -0.5 -1.25
85 510 1.5 1.5
86 511 1 -0.25
87 511 -0.5 -1.25
88 512 1.5 1.5
89 513 1 -0.25
90 514 1 0
91 514 -0.5 -1.25
92 515 1.5 1.5
93 516 1 -0.25
94 517 1 0
95 518 1 0
96 518 -0.5 -1.25
97 519 1.5 1.5
98 520 1 -0.25
99 521 1 0
100 521 -0.5 -1.25
101 522 1.5 1.5
102 523 1 -0.25
103 524 1 0
104 525 1 0
105 525 -0.5 -1.25
106 526 1.5 1.5
107 527 1 -0.25
108 528 1 0
109 529 1 0
110 529 -0.5 -1.25
111 530 1.5 1.5
112 531 1 -0.25
113 532 1 0
114 532 -0.5 -1.25
115 533 1.5 1.5
116 534 1 -0.25
117 535 1 0
118 536 1 0
119 536 -0.5 -1.25
120 537 1.5 1.5
121 538 1 -0.25
122 539 1 0
123 539 -0.5 -1.25
124 541 3 2.75
125 543 2 -0.5
126 545 2 0
127 546 0.5 -1.25
128 547 1 0.25
129 547 -0.5 -1.25
130 548 1.5 1.5
131 549 1 -0.25
132 549 -0.5 -1.25
133 550 1.5 1.5
134 551 1 -0.25
135 552 1 0
136 552 -0.5 -1.25
137 553 1.5 1.5
138 554 1 -0.25
139 555 1 0
140 555 -0.5 -1.25
141 556 1.5 1.5
142 557 1 -0.25
143 558 1 0
144 559 1 0
145 559 -0.5 -1.25
146 560 1.5 1.5
147 561 1 -0.25
148 562 1 0
149 562 -0.5 -1.25
150 563 1.5 1.5
151 564 1 -0.25
152 564 -0.5 -1.25
153 565 1.5 1.5
154 566 1 -0.25
155 567 1 0
156 568 1 0
157 568 -0.5 -1.25
158 569 1.5 1.5
159 570 1 -0.25
160 571 1 0
161 571 -0.5 -1.25
162 572 1.5 1.5
163 573 1 -0.25
164 573 -0.5 -1.25
165 574 1.5 1.5
166 575 1 -0.25
167 575 -0.5 -1.25
168 576 1.5 1.5
169 577 1 -0.25
170 577 -0.5 -1.25
171 578 1.5 1.5
172 579 1 -0.25
173 579 -0.5 -1.25
174 580 1.5 1.5
175 581 1 -0.25
176 581 -0.5 -1.25
177 582 1.5 1.5
178 582 -0.5 -1.5
179 583 1.5 1.5
180 583 -0.5 -1.5
181 584 1.5 1.5
182 585 1 -0.25
183 585 -0.5 -1.25
184 586 1.5 1.5
185 587 1 -0.25
186 587 -0.5 -1.25
187 588 1.5 1.5
188 588 -0.5 -1.5
189 589 1.5 1.5
190 589 -0.5 -1.5
191 590 1.5 1.5
192 590 -0.5 -1.5
193 591 1.5 1.5
194 592 1 -0.25
195 592 -0.5 -1.25
196 593 1.5 1.5
197 594 1 -0.25
198 594 -0.5 -1.25
199 595 1.5 1.5
200 596 1 -0.25
201 597 1 0
202 597 -0.5 -1.25
203 598 1.5 1.5
204 599 1 -0.25
205 600 1 0
206 600 -0.5 -1.25
207 604 6 5.25
208 608 4 -1
209 612 4 0
210 616 4 0
211 620 4 0
212 624 4 0
213 628 4 0
214 632 4 0
215 636 4 0
216 638 1 -2.5
217 642 5 3
218 646 4 -0.5
219 650 4 0
220 654 4 0
221 658 4 0
222 662 4 0
223 664 1 -2.5
224 668 5 3
225 672 4 -0.5
226 676 4 0
227 680 4 0
228 684 4 0
229 688 4 0
230 692 4 0
231 696 4 0
232 698 1 -2.5
233 702 5 3
234 706 4 -0.5
235 710 4 0
236 714 4 0
237 718 4 0
238 722 4 0
239 726 4 0
240 730 4 0
241 734 4 0
242 738 4 0
243 742 4 0
244 746 4 0
245 750 4 0
246 754 4 0
247 758 4 0
248 762 4 0
249 766 4 0
250 770 4 0
251 774 4 0
252 776 1 -2.5
253 780 5 3
254 784 4 -0.5
255 788 4 0
256 792 4 0
257 796 4 0
258 800 4 0
259 804 4 0
260 808 4 0
261 812 4 0
262 816 4 0
263 820 4 0
264 824 4 0
265 828 4 0
266 830 1 -2.5
267 834 5 3
268 838 4 -0.5
269 842 4 0
270 846 4 0
271 850 4 0
272 854 4 0
273 856 1 -2.5
274 860 5 3
275 864 4 -0.5
276 866 1 -2.5
277 870 5 3
278 874 4 -0.5
279 878 4 0
280 882 4 0
281 884 1 -2.5
282 888 5 3
283 892 4 -0.5
284 896 4 0
285 898 1 -2.5
286 902 5 3
287 906 4 -0.5
288 910 4 0
289 912 1 -2.5
290 916 5 3
291 920 4 -0.5
292 924 4 0
293 928 4 0
294 932 4 0
295 936 4 0
296 940 4 0
297 944 4 0
298 948 4 0
299 952 4 0
300 954 1 -2.5
301 958 5 3
302 962 4 -0.5
303 966 4 0
304 968 1 -2.5
305 972 5 3
306 976 4 -0.5
307 978 1 -2.5
308 982 5 3
309 986 4 -0.5
310 990 4 0
311 994 4 0
312 998 4 0
313 1001 2.5 -1.25
314 1003 1.5 -1
315 1005 2 0.25
316 1007 2 0
317 1009 2 0
318 1011 2 0
319 1013 2 0
320 1015 2 0
321 1017 2 0
322 1019 2 0
323 1021 2 0
324 1023 2 0
325 1025 2 0
326 1027 2 0
327 1029 2 0
328 1031 2 0
329 1033 2 0
330 1035 2 0
331 1037 2 0
332 1039 2 0
333 1041 2 0
334 1043 2 0
335 1045 2 0
336 1047 2 0
337 1049 2 0
338 1051 2 0
339 1053 2 0
340 1053 -1 -2.5
341 1056 4.5 4.25
342 1058 1.5 -2
343 1060 2 0.25
344 1062 2 0
345 1064 2 0
346 1065 0.5 -1.25
347 1067 2.5 1.5
348 1069 2 -0.25
349 1071 2 0
350 1073 2 0
351 1075 2 0
352 1077 2 0
353 1079 2 0
354 1081 2 0
355 1083 2 0
356 1085 2 0
357 1087 2 0
358 1089 2 0
359 1091 2 0
360 1093 2 0
361 1095 2 0
362 1097 2 0
363 1099 2 0
364 1101 2 0
365 1104 3.5 1.25
366 1106 1.5 -1.5
367 1108 2 0.25
368 1110 2 0
369 1112 2 0
370 1114 2 0
371 1116 2 0
372 1118 2 0
373 1120 2 0
374 1122 2 0
375 1124 2 0
376 1126 2 0
377 1128 2 0
378 1130 2 0
379 1132 2 0
380 1134 2 0
381 1136 2 0
382 1138 2 0
383 1140 2 0
384 1142 2 0
385 1144 2 0
386 1145 0.5 -1.25
387 1147 2.5 1.5
388 1149 2 -0.25
389 1151 2 0
390 1153 2 0
391 1155 2 0
392 1157 2 0
393 1160 3.5 1.25
394 1162 1.5 -1.5
395 1163 0.5 -1
396 1165 2.5 1.5
397 1167 2 -0.25
398 1169 2 0
399 1171 2.00083 0.000839988
468 1313 2.11511 0.00247264
469 1315 1.99917 -0.00167998
470 1317 2 0.000414079
471 1319 2 0
472 1321 2 0
473 1323 2 0
474 1326 3.5 1.25
475 1328 1.5 -1.5
476 1330 2 0.25
477 1332 2 0
478 1334 2 0
479 1336 2 0
480 1338 2 0
481 1340 2 0
482 1342 2 0
483 1344 2 0
484 1347 3.5 1.25
485 1349 1.5 -1.5
486 1351 2 0.25
487 1351 -1 -2.5
488 1353 3 3
489 1355 2 -0.5
490 1357 2 0
491 1359 2 0
492 1361 2 0
493 1363 2 0
494 1365 2 0
495 1367 2 0
496 1370 3.5 1.25
497 1372 1.5 -1.5
498 1374 2 0.25
499 1376 2 0
500 1379 3.5 1.25
501 1381 1.5 -1.5
502 1383 2 0.25
503 1385 2 0
504 1388 3.5 1.25
505 1390 1.5 -1.5
506 1392 2 0.25
507 1393 0.5 -1.25
508 1395 2.5 1.5
509 1397 2 -0.25
510 1399 2 0
511 1400 0.5 -1.25
512 1402 2.5 1.5
513 1404 2 -0.25
514 1406 2 0
515 1407 0.5 -1.25
516 1409 2.5 1.5
517 1411 2 -0.25
518 1413 2 0
519 1415 2 0
520 1417 2 0
521 1420 3.5 1.25
522 1422 1.5 -1.5
523 1424 2 0.25
524 1426 2 0
525 1429 3.5 1.25
526 1431 1.5 -1.5
527 1433 2 0.25
528 1435 2 0
529 1437 2 0
530 1439 2 0
531 1441 2 0
532 1443 2 0
533 1446 3.5 1.25
534 1448 1.5 -1.5
535 1450 2 0.25
536 1452 2 0
537 1454 2 0
538 1456 2 0
539 1459 3.5 1.25
540 1461 1.5 -1.5
541 1463 2 0.25
542 1465 2 0
543 1467 2 0
544 1469 2 0
545 1470 0.5 -1.25
546 1472 2.5 1.5
547 1474 2 -0.25
548 1476 2 0
549 1478 2 0
550 1480 2 0
551 1481 0.5 -1.25
552 1483 2.5 1.5
553 1485 2 -0.25
554 1487 2 0
555 1489 2 0
556 1491 2 0
557 1493 2 0
558 1495 2 0
559 1497 2 0
560 1499 2 0
561 1501 2 0
562 1503 2 0
563 1505 2 0
564 1508 3.5 1.25
565 1510 1.5 -1.5
566 1512 2 0.25
567 1514 2 0
568 1516 2 0
569 1519 3.5 1.25
570 1521 1.5 -1.5
571 1523 2 0.25
572 1525 2 0
573 1527 2 0
574 1529 2 0
575 1531 2 0
576 1533 2 0
577 1535 2 0
578 1537 2 0
579 1539 2 0
580 1541 2 0
581 1542 0.5 -1.25
582 1544 2.5 1.5
583 1546 2 -0.25
584 1548 2 0
585 1550 2 0
586 1552 2 0
587 1554 2 0
588 1557 3.5 1.25
589 1559 1.5 -1.5
590 1561 2 0.25
591 1564 3.5 1.25
592 1566 1.5 -1.5
593 1568 2 0.25
594 1570 2 0
595 1572 2 0
596 1574 2 0
597 1576 2 0
598 1578 2 0
599 1580 2 0
