Time[s] CO2_smooth[ppm] dCO2_dt[ppm/s] d2CO2_dt2[ppm/s^2]
0 450 nan nan
1 452 nan nan
2 453 0.5 -1
3 455 2.5 1.5
4 456 0.5 -1.5
5 458 2.5 1.5
6 464 8 4.75
7 474 12 4
8 488 16 4
9 499 9.5 -4.75
10 502 -1 -9.25
11 502 -1.5 -1.75
12 502 0 0.75
13 503 1.5 1.25
14 503 -0.5 -1.5
15 503 0 0.25
16 504 1.5 1.25
17 504 -0.5 -1.5
18 504 0 0.25
19 505 1.5 1.25
20 505 -0.5 -1.5
21 507 3 2.75
22 510 3.5 0.75
23 514 4.5 1
24 518 4 -0.25
25 521 2.5 -1.25
26 522 0 -2.25
27 523 1 0.5
28 524 1 0
29 525 1 0
30 526 1 0
31 529 4 2.5
32 531 1.5 -1.75
33 533 2 0.25
34 533 -1 -2.5
35 534 1.5 1.75
36 535 1 -0.25
37 537 2.5 1.25
38 539 2 -0.25
39 541 2 0
40 544 3.5 1.25
41 546 1.5 -1.5
42 548 2 0.25
43 549 0.5 -1.25
44 551 2.5 1.5
45 554 3.5 1
46 556 1.5 -1.5
47 559 3.5 1.5
48 561 1.5 -1.5
49 563 2 0.25
50 565 2 0
51 568 3.5 1.25
52 570 1.5 -1.5
53 572 2 0.25
54 574 2 0
55 576 2 0
56 578 2 0
57 580 2 0
58 582 2 0
59 584 2 0
60 587 3.5 1.25
61 589 1.5 -1.5
62 591 2 0.25
63 594 3.5 1.25
64 596 1.5 -1.5
65 598 2 0.25
66 600 2 0
67 610 14 10
68 624 16 3
69 636 11 -3.5
70 648 12 0.5
71 660 12 0
72 672 12 0
73 684 12 0
74 696 12 0
75 710 15 2.5
76 722 11 -3
77 732 9 -2
78 744 13 3
79 754 9 -3
80 768 16 5.5
81 782 14 -1
82 796 14 0
83 808 11 -2.5
84 820 12 0.5
85 830 9 -2.5
86 842 13 3
87 852 9 -3
88 864 13 3
89 874 9 -3
90 884 10 0.5
91 894 10 0
92 904 10 0
93 914 10 0
94 926 13 2.5
95 940 15 2
96 952 11 -3
97 964 12 0.5
98 972 6 -5
99 980 8 1
100 988 8 0
101 1000 14 5
102 1007 4.5 -7.25
103 1013 5.5 0
104 1018 4.5 -1
105 1024 6.5 1.5
106 1029 4.5 -1.5
107 1034 5 0.25
108 1038 3.5 -1.25
109 1042 4 0.25
110 1046 4 0
111 1053 8.5 3.75
112 1061 8.5 0.5
113 1067 5 -2.75
114 1071 3 -2
115 1073 1 -2
116 1075 2 0.5
117 1076 0.5 -1.25
118 1079 4 2.75
119 1086 9 4.5
120 1097 13 4
121 1107 9.5 -2.25
122 1114 5.5 -3.5
123 1120 5.5 -0.5
124 1125 4.5 -1
125 1131 6.5 1.5
126 1136 4.5 -1.5
127 1142 6.5 1.5
128 1147 4.5 -1.5
129 1153 6.5 1.5
130 1159 6 -0.25
131 1164 4.5 -1.25
132 1168 3.5 -1
133 1170 1 -2.25
134 1172 2 0.5
135 1173 0.5 -1.25
136 1176 4 2.75
137 1182 7.5 3.25
138 1193 13.5 5.5
139 1202 8 -3.75
140 1210 7.5 -0.75
141 1214 2 -4.75
142 1216 1 -1.5
143 1218 2 0.5
144 1219 0.5 -1.25
145 1222 4 2.75
146 1229 9 4.5
147 1239 11.5 2.75
148 1247 7 -3.25
149 1253 5 -2
150 1253 -3 -7
151 1255 3 4
152 1257 2 -0.5
153 1259 2 0
154 1265 8 5
155 1272 7.5 0.25
156 1279 7 -0.25
157 1283 2.5 -3.75
158 1288 5.5 2
159 1294 6.5 1
160 1300 6 -0.25
161 1305 4.5 -1.25
162 1308 2 -2.25
163 1309 0 -2
164 1310 1 0.5
165 1311 1 0
166 1313 2.5 1.25
167 1317 5 2.25
168 1325 10 4.5
169 1337 14 4
170 1348 10.5 -2.25
171 1357 8 -2.25
172 1361 1.5 -5.75
173 1365 4 1.25
174 1369 4 0
175 1376 8.5 3.75
176 1384 8.5 0.5
177 1390 5 -2.75
178 1394 3 -2
179 1396 1 -2
180 1398 2 0.5
181 1399 0.5 -1.25
182 1402 4 2.75
183 1409 9 4.5
184 1419 11.5 2.75
185 1428 8.5 -2
186 1436 7.5 -1
187 1441 3.5 -3.5
188 1446 5 0.75
189 1450 3.5 -1.25
190 1452 1 -2.25
191 1453 0.5 -0.75
192 1456 4 2.75
193 1462 7.5 3.25
194 1471 10.5 3
195 1479 7.5 -2
196 1487 8 0.25
197 1493 5 -2.5
198 1498 4.5 -0.75
199 1502 3.5 -1
200 1504 1 -2.25
201 1507 3.5 1.75
202 1513 7.5 3.5
203 1520 7.5 0.5
204 1527 7 -0.25
205 1530 1 -5
206 1532 1.5 -0.25
207 1535 3.5 1.5
208 1542 9 4.75
209 1552 11.5 2.75
210 1562 10 -0.75
211 1570 7 -2.5
212 1576 5 -2
213 1580 3 -2
214 1583 2.5 -0.75
215 1586 3 0.25
216 1590 4.5 1.25
217 1598 10 4.75
218 1604 5 -3.5
219 1607 1.5 -3.25
220 1608 0 -1.75
221 1611 4 3
222 1616 6 2
223 1625 11 4.5
224 1632 6 -3.5
225 1637 4 -2
226 1641 3.5 -0.75
227 1646 5.5 1.5
228 1653 8 2.25
229 1661 8.5 0.75
230 1669 8 -0.25
231 1675 5 -2.5
232 1682 7.5 1.75
233 1688 5.5 -1.5
234 1693 4.5 -1
235 1697 3.5 -1
236 1701 4 0.25
237 1706 5.5 1.25
238 1714 9.5 3.5
239 1721 6.5 -2
240 1727 5.5 -1
241 1729 0 -4.75
242 1732 3.5 2.25
243 1737 6 2.25
244 1745 9.5 3.25
245 1752 6.5 -2
246 1755 1 -4.75
247 1758 3 1
248 1763 6 2.5
249 1771 9.5 3.25
250 1778 6.5 -2
251 1781 1 -4.75
252 1784 3 1
253 1789 6 2.5
254 1798 11 4.5
255 1806 7.5 -2.25
256 1812 5 -2.25
257 1815 1.5 -3.25
258 1817 1.5 -0.5
259 1818 0.5 -1
260 1822 5.5 4
261 1831 11.5 5.5
262 1844 15 3.75
263 1856 11.5 -2.25
264 1866 9 -2.25
265 1866 -5 -12
266 1872 9 10
267 1876 3 -4
268 1878 1 -2
269 1882 5 3
270 1887 5.5 0.75
271 1896 11 4.75
272 1904 7.5 -2.25
273 1911 6.5 -1
274 1917 5.5 -1
275 1923 6 0.25
276 1929 6 0
277 1936 7.5 1.25
278 1942 5.5 -1.5
279 1947 4.5 -1
280 1951 3.5 -1
281 1954 2.5 -1
282 1957 3 0.25
283 1962 6 2.5
284 1971 11 4.5
285 1979 7.5 -2.25
286 1987 8 0.25
287 1993 5 -2.5
288 2000 7.5 1.75
289 2007 7 -0.25
290 2015 8.5 1.25
291 2023 8 -0.25
292 2031 8 0
293 2039 8 0
294 2047 8 0
295 2056 9.5 1.25
296 2066 10.5 1
297 2076 10 -0.25
298 2086 10 0
299 2093 5.5 -3.75
300 2099 5.5 -0.5
301 2106 7.5 1.5
302 2115 10 2.25
303 2126 12 2
304 2136 9.5 -1.75
305 2145 8.5 -1
306 2155 10.5 1.5
307 2165 10 -0.25
308 2176 11.5 1.25
309 2187 11 -0.25
310 2199 12.5 1.25
311 2209 9 -2.75
312 2219 10 0.5
313 2229 10 0
314 2238 8.5 -1.25
315 2248 10.5 1.5
316 2260 13 2.25
317 2273 13.5 0.75
318 2286 13 -0.25
319 2298 11.5 -1.25
320 2308 9 -2.25
321 2318 10 0.5
322 2327 8.5 -1.25
323 2337 10.5 1.5
324 2348 11.5 1
325 2359 11 -0.25
326 2370 11 0
327 2381 11 0
328 2392 11 0
329 2404 12.5 1.25
330 2417 13.5 1
331 2431 14.5 1
332 2444 12.5 -1.5
333 2457 13 0.25
334 2469 11.5 -1.25
335 2481 12 0.25
336 2492 10.5 -1.25
337 2504 12.5 1.5
338 2515 10.5 -1.5
339 2526 11 0.25
340 2537 11 0
341 2547 9.5 -1.25
342 2558 11.5 1.5
343 2570 12.5 1
344 2583 13.5 1
345 2597 14.5 1
346 2611 14 -0.25
347 2624 12.5 -1.25
348 2638 14.5 1.5
349 2651 12.5 -1.5
350 2664 13 0.25
351 2677 13 0
352 2690 13 0
353 2704 14.5 1.25
354 2717 12.5 -1.5
355 2730 13 0.25
356 2742 11.5 -1.25
357 2755 13.5 1.5
358 2767 11.5 -1.5
359 2779 12 0.25
360 2791 12 0
361 2804 13.5 1.25
362 2818 14.5 1
363 2831 12.5 -1.5
364 2843 11.5 -1
365 2854 10.5 -1
366 2865 11 0.25
367 2874 8 -2.5
368 2885 12 3
369 2895 9.5 -1.75
370 2907 13 2.75
371 2918 10.5 -1.75
372 2930 12.5 1.5
373 2942 12 -0.25
374 2954 12 0
375 2967 13.5 1.25
376 2979 11.5 -1.5
377 2992 13.5 1.5
378 3004 11.5 -1.5
379 3004 -6 -14.75
380 3016 18 18
381 3028 12 -3
382 3040 12 0
383 3050 9 -2.5
384 3060 10 0.5
385 3069 8.5 -1.25
386 3080 12 2.75
387 3092 12.5 0.75
388 3104 12 -0.25
389 3116 12 0
390 3127 10.5 -1.25
391 3138 11 0.25
392 3148 9.5 -1.25
393 3160 13 2.75
394 3172 12 -0.5
395 3182 9 -2.5
396 3189 5.5 -3.25
397 3196 7 0.75
398 3204 8.5 1.25
399 3216 14 4.75
400 3228 12 -1
401 3240 12 0
402 3250 9 -2.5
403 3261 11.5 1.75
404 3274 14 2.25
405 3287 13 -0.5
406 3299 11.5 -1.25
407 3312 13.5 1.5
408 3324 11.5 -1.5
409 3336 12 0.25
410 3347 10.5 -1.25
411 3357 9.5 -1
412 3366 8.5 -1
413 3377 12 2.75
414 3388 11 -0.5
415 3401 14 2.5
416 3413 11.5 -1.75
417 3425 12 0.25
418 3435 9 -2.5
419 3445 10 0.5
420 3455 10 0
421 3466 11.5 1.25
422 3478 12.5 1
423 3491 13.5 1
424 3504 13 -0.25
425 3516 11.5 -1.25
426 3529 13.5 1.5
427 3542 13 -0.25
428 3555 13 0
429 3567 11.5 -1.25
430 3579 12 0.25
431 3591 12 0
432 3602 10.5 -1.25
433 3612 9.5 -1
434 3622 10 0.25
435 3632 10 0
436 3642 10 0
437 3654 13 2.5
438 3666 12 -0.5
439 3679 13.5 1.25
440 3690 10 -2.75
441 3702 12.5 1.75
442 3714 12 -0.25
443 3726 12 0
444 3740 15 2.5
445 3754 14 -0.5
446 3767 12.5 -1.25
447 3780 13 0.25
448 3791 10 -2.5
449 3803 12.5 1.75
450 3814 10.5 -1.5
451 3825 11 0.25
452 3836 11 0
453 3846 9.5 -1.25
454 3856 10 0.25
455 3868 13 2.5
456 3882 15 2
457 3896 14 -0.5
458 3910 14 0
459 3923 12.5 -1.25
460 3934 10 -2.25
461 3945 11 0.5
462 3956 11 0
463 3968 12.5 1.25
464 3980 12 -0.25
465 3991 10.5 -1.25
466 4003 12.5 1.5
467 4013 9 -2.75
468 4024 11.5 1.75
469 4035 11 -0.25
470 4046 11 0
471 4058 12.5 1.25
472 4070 12 -0.25
473 4083 13.5 1.25
474 4093 8.5 -4
475 4101 7 -1.75
476 4108 6.5 -0.75
477 4118 11.5 4
478 4133 17.5 5.5
479 4149 16.5 0
480 4164 14.5 -1.5
481 4177 12 -2.25
482 4189 11.5 -0.75
483 4201 12 0.25
484 4212 10.5 -1.25
485 4223 11 0.25
486 4235 12.5 1.25
487 4245 9 -2.75
488 4256 11.5 1.75
489 4267 11 -0.25
490 4280 14 2.5
491 4294 14.5 0.75
492 4307 12.5 -1.5
493 4307 -6.5 -16
494 4320 19.5 19.5
495 4333 13 -3.25
496 4344 10 -2.5
497 4356 12.5 1.75
498 4367 10.5 -1.5
499 4380 14 2.75
500 4394 14.5 0.75
501 4407 12.5 -1.5
502 4421 14.5 1.5
503 4434 12.5 -1.5
504 4448 14.5 1.5
505 4461 12.5 -1.5
506 4472 10 -2.25
507 4481 8 -2
508 4488 6 -2
509 4497 10 3
510 4510 15 4.5
511 4524 14.5 0.25
512 4539 15.5 1
513 4553 13.5 -1.5
514 4568 15.5 1.5
515 4582 13.5 -1.5
516 4597 15.5 1.5
517 4610 12 -2.75
518 4623 13 0.5
519 4635 11.5 -1.25
520 4647 12 0.25
521 4659 12 0
522 4671 12 0
523 4685 15 2.5
524 4699 14 -0.5
525 4713 14 0
526 4727 14 0
527 4740 12.5 -1.25
528 4751 10 -2.25
529 4761 9.5 -0.75
530 4772 11.5 1.5
531 4785 14 2.25
532 4799 14.5 0.75
533 4813 14 -0.25
534 4826 12.5 -1.25
535 4840 14.5 1.5
536 4852 11 -2.75
537 4865 13.5 1.75
538 4877 11.5 -1.5
539 4890 13.5 1.5
540 4903 13 -0.25
541 4917 14.5 1.25
542 4930 12.5 -1.5
543 4944 14.5 1.5
544 4959 15.5 1
545 4974 15 -0.25
546 4990 16.5 1.25
547 5005 14.5 -1.5
548 5020 15 0.25
549 5035 15 0
550 5050 15 0
551 5066 16.5 1.25
552 5083 17.5 1
553 5099 15.5 -1.5
554 5116 17.5 1.5
555 5132 15.5 -1.5
556 5149 17.5 1.5
557 5168 20 2.25
558 5188 20.5 0.75
559 5206 17 -2.75
560 5223 16.5 -0.75
561 5238 14 -2.25
562 5251 12 -2
563 5264 13 0.5
564 5278 14.5 1.25
565 5293 15.5 1
566 5309 16.5 1
567 5326 17.5 1
568 5344 18.5 1
569 5361 16.5 -1.5
570 5377 15.5 -1
571 5394 17.5 1.5
572 5411 17 -0.25
573 5427 15.5 -1.25
574 5444 17.5 1.5
575 5460 15.5 -1.5
576 5477 17.5 1.5
577 5495 18.5 1
578 5512 16.5 -1.5
579 5529 17 0.25
580 5545 15.5 -1.25
581 5561 16 0.25
582 5577 16 0
583 5594 17.5 1.25
584 5612 18.5 1
585 5629 16.5 -1.5
586 5646 17 0.25
587 5662 15.5 -1.25
588 5679 17.5 1.5
589 5697 18.5 1
590 5714 16.5 -1.5
591 5732 18.5 1.5
592 5749 16.5 -1.5
593 5766 17 0.25
594 5782 15.5 -1.25
595 5800 19 2.75
596 5818 18 -0.5
597 5837 19.5 1.25
598 5856 19 -0.25
599 5874 17.5 -1.25
