Time[s] CO2_smooth[ppm] dCO2_dt[ppm/s] d2CO2_dt2[ppm/s^2]
0 574 nan nan
1 575 nan nan
2 577 2.5 1
3 579 2 -0.25
4 580 0.5 -1.25
5 582 2.5 1.5
6 583 0.5 -1.5
7 585 2.5 1.5
8 587 2 -0.25
9 588 0.5 -1.25
10 590 2.5 1.5
11 591 0.5 -1.5
12 592 1 0.25
13 594 2.5 1.25
14 595 0.5 -1.5
15 597 2.5 1.5
16 599 2 -0.25
17 600 0.5 -1.25
18 608 11.5 9
19 618 11 0.75
20 626 7 -3
21 636 11 3
22 644 7 -3
23 652 8 0.5
24 662 11 2.5
25 672 10 -0.5
26 680 7 -2.5
27 686 5 -2
28 688 0 -4.5
29 694 8 6
30 702 9 1.5
31 716 17 7
32 726 8 -6.5
33 730 1 -6.5
34 732 1 -1
35 736 5 3
36 746 13 7
37 758 13 1
38 766 6 -5.5
39 770 2 -4
40 772 1 -1.5
41 774 2 0.5
42 776 2 0
43 776 -1 -2.5
44 778 3 3
45 780 2 -0.5
46 782 2 0
47 784 2 0
48 786 2 0
49 788 2 0
50 790 2 0
51 792 2 0
52 794 2 0
53 798 5 2.5
54 802 4 -0.5
55 806 4 0
56 808 1 -2.5
57 812 5 3
58 816 4 -0.5
59 820 4 0
60 824 4 0
61 828 4 0
62 832 4 0
63 836 4 0
64 840 4 0
65 844 4 0
66 848 4 0
67 852 4 0
68 856 4 0
69 862 7 2.5
70 866 3 -3
71 870 4 0.5
72 874 4 0
73 878 4 0
74 882 4 0
75 886 4 0
76 890 4 0
77 894 4 0
78 900 7 2.5
79 904 3 -3
80 910 7 3
81 914 3 -3
82 920 7 3
83 924 3 -3
84 928 4 0.5
85 932 4 0
86 938 7 2.5
87 942 3 -3
88 946 4 0.5
89 952 7 2.5
90 956 3 -3
91 960 4 0.5
92 964 4 0
93 970 7 2.5
94 974 3 -3
95 978 4 0.5
96 982 4 0
97 988 7 2.5
98 992 3 -3
99 996 4 0.5
100 1000 4 0
101 1002 1 -2.5
102 1004 2 0.5
103 1006 2 0
104 1009 3.5 1.25
105 1011 1.5 -1.5
106 1013 2 0.25
107 1016 3.5 1.25
108 1018 1.5 -1.5
109 1020 2 0.25
110 1023 3.5 1.25
111 1025 1.5 -1.5
112 1027 2 0.25
113 1029 2 0
114 1031 2 0
115 1033 2 0
116 1036 3.5 1.25
117 1038 1.5 -1.5
118 1041 3.5 1.5
119 1043 1.5 -1.5
120 1045 2 0.25
121 1048 3.5 1.25
122 1050 1.5 -1.5
123 1052 2 0.25
124 1054 2 0
125 1056 2 0
126 1058 2 0
127 1060 2 0
128 1062 2 0
129 1064 2 0
130 1066 2 0
131 1068 2 0
132 1070 2 0
133 1072 2 0
134 1074 2 0
135 1076 2 0
136 1078 2 0
137 1081 3.5 1.25
138 1083 1.5 -1.5
139 1085 2 0.25
140 1088 3.5 1.25
141 1090 1.5 -1.5
142 1092 2 0.25
143 1094 2 0
144 1096 2 0
145 1098 2 0
146 1100 2 0
147 1102 2 0
148 1104 2 0
149 1106 2 0
150 1108 2 0
151 1110 2 0
152 1112 2 0
153 1114 2 0
154 1116 2 0
155 1116 -1 -2.5
156 1118 3 3
157 1120 2 -0.5
158 1122 2 0
159 1124 2 0
160 1126 2 0
161 1128 2 0
162 1130 2 0
163 1132 2 0
164 1135 3.5 1.25
165 1137 1.5 -1.5
166 1139 2 0.25
167 1140 0.5 -1.25
168 1142 2.5 1.5
169 1144 2 -0.25
170 1146 2 0
171 1148 2 0
172 1150 2 0
173 1152 2 0
174 1154 2 0
175 1156 2 0
176 1158 2 0
177 1161 3.5 1.25
178 1163 1.5 -1.5
179 1165 2 0.25
180 1167 2 0
181 1169 2 0
182 1171 2 0
183 1172 0.5 -1.25
184 1174 2.5 1.5
185 1176 2 -0.25
186 1178 2 0
187 1180 2 0
188 1183 3.5 1.25
189 1185 1.5 -1.5
190 1187 2 0.25
191 1189 2 0
192 1191 2 0
193 1193 2 0
194 1195 2 0
195 1197 2 0
196 1199 2 0
197 1201 2 0
198 1203 2 0
199 1205 2 0
200 1208 3.5 1.25
201 1209 0 -2.75
202 1211 2.5 1.75
203 1213 2 -0.25
204 1215 2 0
205 1217 2 0
206 1219 2 0
207 1221 2 0
208 1223 2 0
209 1225 2 0
210 1227 2 0
211 1229 2 0
212 1231 2 0
213 1233 2 0
214 1235 2 0
215 1237 2 0
216 1239 2 0
217 1241 2 0
218 1243 2 0
219 1245 2 0
220 1247 2 0
221 1249 2 0
222 1251 2 0
223 1253 2 0
224 1255 2 0
225 1257 2 0
226 1260 3.5 1.25
227 1262 1.5 -1.5
228 1265 3.5 1.5
229 1267 1.5 -1.5
230 1269 2 0.25
231 1271 2 0
232 1273 2 0
233 1275 2 0
234 1277 2 0
235 1279 2 0
236 1282 3.5 1.25
237 1284 1.5 -1.5
238 1286 2 0.25
239 1288 2 0
240 1291 3.5 1.25
241 1293 1.5 -1.5
242 1295 2 0.25
243 1297 2 0
244 1299 2 0
245 1301 2 0
246 1304 3.5 1.25
247 1306 1.5 -1.5
248 1308 2 0.25
249 1310 2 0
250 1312 2 0
251 1314 2 0
252 1316 2 0
253 1318 2 0
254 1320 2 0
255 1322 2 0
256 1325 3.5 1.25
257 1326 0 -2.75
258 1328 2.5 1.75
259 1330 2 -0.25
260 1332 2 0
261 1335 3.5 1.25
262 1337 1.5 -1.5
263 1339 2 0.25
264 1341 2 0
265 1343 2 0
266 1345 2 0
267 1345 -1 -2.5
268 1348 4.5 4.25
269 1350 1.5 -2
270 1352 2 0.25
271 1354 2 0
272 1356 2 0
273 1359 3.5 1.25
274 1361 1.5 -1.5
275 1363 2 0.25
276 1365 2 0
277 1367 2 0
278 1369 2 0
279 1371 2 0
280 1373 2 0
281 1375 2 0
282 1377 2 0
283 1379 2 0
284 1381 2 0
285 1383 2 0
286 1386 3.5 1.25
287 1388 1.5 -1.5
288 1391 3.5 1.5
289 1393 1.5 -1.5
290 1395 2 0.25
291 1398 3.5 1.25
292 1400 1.5 -1.5
293 1402 2 0.25
294 1405 3.5 1.25
295 1408 3 -0.25
296 1410 1.5 -1.25
297 1413 3.5 1.5
298 1415 1.5 -1.5
299 1418 3.5 1.5
300 1420 1.5 -1.5
301 1422 2 0.25
302 1425 3.5 1.25
303 1427 1.5 -1.5
304 1429 2 0.25
305 1432 3.5 1.25
306 1435 3 -0.25
307 1444 12 7.5
308 1459 18 6
309 1481 25.5 7.25
310 1499 16 -6.75
311 1510 7.5 -7.75
312 1516 3.5 -4.5
313 1521 4.5 0
314 1527 6.5 1.5
315 1532 4.5 -1.5
316 1536 3.5 -1
317 1538 1 -2.25
318 1539 0.5 -0.75
319 1540 1 0.25
320 1541 1 0
321 1542 1 0
322 1543 1 0
323 1544 1 0
324 1545 1 0
325 1546 1 0
326 1547 1 0
327 1549 2.5 1.25
328 1550 0.5 -1.5
329 1552 2.5 1.5
330 1554 2 -0.25
331 1556 2 0
332 1558 2 0
333 1560 2 0
334 1562 2 0
335 1565 3.5 1.25
336 1567 1.5 -1.5
337 1570 3.5 1.5
338 1572 1.5 -1.5
339 1575 3.5 1.5
340 1578 3 -0.25
341 1580 1.5 -1.25
342 1583 3.5 1.5
343 1585 1.5 -1.5
344 1588 3.5 1.5
345 1591 3 -0.25
346 1594 3 0
347 1596 1.5 -1.25
348 1599 3.5 1.5
349 1602 3 -0.25
350 1605 3 0
351 1608 3 0
352 1611 3 0
353 1614 3 0
354 1617 3 0
355 1620 3 0
356 1623 3 0
357 1626 3 0
358 1629 3 0
359 1633 4.5 1.25
360 1636 2.5 -1.5
361 1639 3 0.25
362 1643 4.5 1.25
363 1646 2.5 -1.5
364 1649 3 0.25
365 1653 4.5 1.25
366 1656 2.5 -1.5
367 1660 4.5 1.5
368 1663 2.5 -1.5
369 1666 3 0.25
370 1669 3 0
371 1672 3 0
372 1675 3 0
373 1678 3 0
374 1681 3 0
375 1683 1.5 -1.25
376 1686 3.5 1.5
377 1686 -1.5 -4
378 1689 4.5 4.5
379 1692 3 -0.75
380 1695 3 0
381 1699 4.5 1.25
382 1702 2.5 -1.5
383 1705 3 0.25
384 1709 4.5 1.25
385 1712 2.5 -1.5
386 1715 3 0.25
387 1719 4.5 1.25
388 1722 2.5 -1.5
389 1725 3 0.25
390 1728 3 0
391 1732 4.5 1.25
392 1735 2.5 -1.5
393 1738 3 0.25
394 1741 3 0
395 1744 3 0
396 1747 3 0
397 1750 3 0
398 1753 3 0
399 1756 3 0
400 1760 4.5 1.25
401 1770 13 7.25
402 1787 20.5 7.25
403 1811 27.5 7
404 1826 10.5 -13
405 1834 4.5 -6.5
406 1835 -2.5 -7
407 1836 1 1.75
408 1837 1 0
409 1838 1 0
410 1839 1 0
411 1840 1 0
412 1841 1 0
413 1842 1 0
414 1843 1 0
415 1845 2.5 1.25
416 1846 0.5 -1.5
417 1848 2.5 1.5
418 1850 2 -0.25
419 1852 2 0
420 1855 3.5 1.25
421 1857 1.5 -1.5
422 1859 2 0.25
423 1861 2 0
424 1864 3.5 1.25
425 1866 1.5 -1.5
426 1869 3.5 1.5
427 1872 3 -0.25
428 1875 3 0
429 1877 1.5 -1.25
430 1880 3.5 1.5
431 1883 3 -0.25
432 1886 3 0
433 1889 3 0
434 1892 3 0
435 1895 3 0
436 1898 3 0
437 1901 3 0
438 1904 3 0
439 1907 3 0
440 1909 1.5 -1.25
441 1912 3.5 1.5
442 1915 3 -0.25
443 1917 1.5 -1.25
444 1920 3.5 1.5
445 1923 3 -0.25
446 1926 3 0
447 1929 3 0
448 1932 3 0
449 1935 3 0
450 1938 3 0
451 1941 3 0
452 1944 3 0
453 1947 3 0
454 1950 3 0
455 1953 3 0
456 1957 4.5 1.25
457 1960 2.5 -1.5
458 1964 4.5 1.5
459 1967 2.5 -1.5
460 1971 4.5 1.5
461 1974 2.5 -1.5
462 1977 3 0.25
463 1980 3 0
464 1984 4.5 1.25
465 1987 2.5 -1.5
466 1990 3 0.25
467 2002 16.5 11.25
468 2022 24 7.75
469 2050 32 8
470 2070 16 -12
471 2080 5 -10.5
472 2081 -3.5 -8.75
473 2082 1 2.25
474 2083 1 0
475 2084 1 0
476 2085 1 0
477 2087 2.5 1.25
478 2089 2 -0.25
479 2091 2 0
480 2093 2 0
481 2095 2 0
482 2097 2 0
483 2099 2 0
484 2102 3.5 1.25
485 2105 3 -0.25
486 2107 1.5 -1.25
487 2110 3.5 1.5
488 2110 -1.5 -4
489 2113 4.5 4.5
490 2116 3 -0.75
491 2119 3 0
492 2122 3 0
493 2126 4.5 1.25
494 2129 2.5 -1.5
495 2133 4.5 1.5
496 2137 4 -0.25
497 2140 2.5 -1.25
498 2144 4.5 1.5
499 2147 2.5 -1.5
500 2151 4.5 1.5
501 2154 2.5 -1.5
502 2158 4.5 1.5
503 2162 4 -0.25
504 2166 4 0
505 2170 4 0
506 2174 4 0
507 2179 5.5 1.25
508 2183 3.5 -1.5
509 2187 4 0.25
510 2192 5.5 1.25
511 2196 3.5 -1.5
512 2200 4 0.25
513 2204 4 0
514 2208 4 0
515 2213 5.5 1.25
516 2217 3.5 -1.5
517 2221 4 0.25
518 2226 5.5 1.25
519 2230 3.5 -1.5
520 2234 4 0.25
521 2238 4 0
522 2242 4 0
523 2247 5.5 1.25
524 2251 3.5 -1.5
525 2255 4 0.25
526 2260 5.5 1.25
527 2264 3.5 -1.5
528 2268 4 0.25
529 2273 5.5 1.25
530 2287 18.5 11
531 2311 29 10.25
532 2344 37.5 8.75
533 2366 16.5 -16
534 2377 5.5 -11
535 2378 -4 -9.75
536 2380 2.5 3.75
537 2381 0.5 -1.5
538 2383 2.5 1.5
539 2385 2 -0.25
540 2387 2 0
541 2389 2 0
542 2391 2 0
543 2399 11 7.5
544 2411 14 3.5
545 2429 21 6.5
546 2440 7.5 -10.25
547 2447 5 -3.25
548 2448 -2 -6.5
549 2449 1 1.5
550 2450 1 0
551 2452 2.5 1.25
552 2453 0.5 -1.5
553 2455 2.5 1.5
554 2457 2 -0.25
555 2459 2 0
556 2461 2 0
557 2464 3.5 1.25
558 2467 3 -0.25
559 2476 12 7.5
560 2492 19.5 7.25
561 2515 26.5 7
562 2529 9.5 -13
563 2537 5 -5.25
564 2538 -2.5 -7.25
565 2539 1 1.75
566 2544 7 5
567 2552 9.5 2.75
568 2565 15.5 5.5
569 2573 5.5 -7.5
570 2578 3.5 -2.5
571 2579 -1 -4.25
572 2581 2.5 2.25
573 2583 2 -0.25
574 2589 8 5
575 2599 12 4
576 2614 17.5 5.25
577 2623 6 -8.75
578 2629 4.5 -2.25
579 2630 -1.5 -5.5
580 2631 1 1.25
581 2636 7 5
582 2645 11 4
583 2661 19.5 7.75
584 2674 11.5 -5.5
585 2685 10 -1.75
586 2690 2 -7
587 2693 2 -1
588 2695 1.5 -0.75
589 2696 0.5 -1
590 2697 1 0.25
591 2698 1 0
592 2704 8.5 6.25
593 2714 12 3.75
594 2729 17.5 5.25
595 2740 9 -6.25
596 2746 3.5 -5.25
597 2748 0 -3.75
598 2752 5 3.5
599 2759 8.5 3.25
