Time[s] CO2_smooth[ppm] dCO2_dt[ppm/s] d2CO2_dt2[ppm/s^2]
0 658 nan nan
1 662 nan nan
2 664 1 -2
3 668 5 3
4 670 1 -3
5 674 5 3
6 676 1 -3
7 680 5 3
8 682 1 -3
9 684 2 0.5
10 688 5 2.5
11 690 1 -3
12 692 2 0.5
13 696 5 2.5
14 698 1 -3
15 700 2 0.5
16 704 5 2.5
17 706 1 -3
18 710 5 3
19 712 1 -3
20 716 5 3
21 718 1 -3
22 722 5 3
23 724 1 -3
24 728 5 3
25 730 1 -3
26 734 5 3
27 736 1 -3
28 738 2 0.5
29 742 5 2.5
30 744 1 -3
31 748 5 3
32 750 1 -3
33 752 2 0.5
34 756 5 2.5
35 758 1 -3
36 762 5 3
37 766 4 -0.5
38 768 1 -2.5
39 772 5 3
40 774 1 -3
41 778 5 3
42 780 1 -3
43 782 2 0.5
44 786 5 2.5
45 788 1 -3
46 790 2 0.5
47 794 5 2.5
48 796 1 -3
49 800 5 3
50 802 1 -3
51 804 2 0.5
52 808 5 2.5
53 810 1 -3
54 814 5 3
55 816 1 -3
56 818 2 0.5
57 820 2 0
58 824 5 2.5
59 826 1 -3
60 828 2 0.5
61 830 2 0
62 834 5 2.5
63 836 1 -3
64 838 2 0.5
65 840 2 0
66 842 2 0
67 844 2 0
68 846 2 0
69 846 -1 -2.5
70 848 3 3
71 850 2 -0.5
72 852 2 0
73 854 2 0
74 856 2 0
75 858 2 0
76 860 2 0
77 862 2 0
78 864 2 0
79 866 2 0
80 868 2 0
81 872 5 2.5
82 874 1 -3
83 876 2 0.5
84 878 2 0
85 880 2 0
86 882 2 0
87 884 2 0
88 886 2 0
89 888 2 0
90 890 2 0
91 892 2 0
92 894 2 0
93 896 2 0
94 898 2 0
95 898 -1 -2.5
96 900 3 3
97 902 2 -0.5
98 904 2 0
99 906 2 0
100 908 2 0
101 910 2 0
102 912 2 0
103 914 2 0
104 916 2 0
105 918 2 0
106 920 2 0
107 922 2 0
108 922 -1 -2.5
109 924 3 3
110 926 2 -0.5
111 926 -1 -2.5
112 928 3 3
113 928 -1 -3
114 930 3 3
115 930 -1 -3
116 932 3 3
117 934 2 -0.5
118 936 2 0
119 938 2 0
120 938 -1 -2.5
121 940 3 3
122 942 2 -0.5
123 942 -1 -2.5
124 944 3 3
125 946 2 -0.5
126 946 -1 -2.5
127 948 3 3
128 948 -1 -3
129 950 3 3
130 950 -1 -3
131 952 3 3
132 952 -1 -3
133 954 3 3
134 956 2 -0.5
135 956 -1 -2.5
136 958 3 3
137 960 2 -0.5
138 962 2 0
139 962 -1 -2.5
140 964 3 3
141 964 -1 -3
142 966 3 3
143 968 2 -0.5
144 968 -1 -2.5
145 970 3 3
146 970 -1 -3
147 972 3 3
148 972 -1 -3
149 972 0 0.5
150 974 3 2.5
151 974 -1 -3
152 974 0 0.5
153 974 0 0
154 976 3 2.5
155 976 -1 -3
156 978 3 3
157 978 -1 -3
158 980 3 3
159 980 -1 -3
160 980 0 0.5
161 982 3 2.5
162 984 2 -0.5
163 986 2 0
164 986 -1 -2.5
165 988 3 3
166 988 -1 -3
167 990 3 3
168 990 -1 -3
169 990 0 0.5
170 992 3 2.5
171 992 -1 -3
172 992 0 0.5
173 994 3 2.5
174 994 -1 -3
175 994 0 0.5
176 996 3 2.5
177 996 -1 -3
178 998 3 3
179 998 -1 -3
180 1000 3 3
181 1000 -1 -3
182 1000 0 0.5
183 1001 1.5 1.25
184 1001 -0.5 -1.5
185 1002 1.5 1.5
186 1002 -0.5 -1.5
187 1003 1.5 1.5
188 1003 -0.5 -1.5
189 1004 1.5 1.5
190 1004 -0.5 -1.5
191 1005 1.5 1.5
192 1005 -0.5 -1.5
193 1005 0 0.25
194 1005 0 0
195 1006 1.5 1.25
196 1006 -0.5 -1.5
197 1007 1.5 1.5
198 1007 -0.5 -1.5
199 1008 1.5 1.5
200 1008 -0.5 -1.5
201 1008 0 0.25
202 1008 0 0
203 1008 0 0
204 1008 0 0
205 1008 0 0
206 1009 1.5 1.25
207 1009 -0.5 -1.5
208 1009 0 0.25
209 1009 0 0
210 1009 0 0
211 1009 0 0
212 1009 0 0
213 1010 1.5 1.25
214 1010 -0.5 -1.5
215 1010 0 0.25
216 1011 1.5 1.25
217 1011 -0.5 -1.5
218 1012 1.5 1.5
219 1012 -0.5 -1.5
220 1013 1.5 1.5
221 1013 -0.5 -1.5
222 1014 1.5 1.5
223 1014 -0.5 -1.5
224 1015 1.5 1.5
225 1015 -0.5 -1.5
226 1015 0 0.25
227 1016 1.5 1.25
228 1016 -0.5 -1.5
229 1016 0 0.25
230 1016 0 0
231 1017 1.5 1.25
232 1017 -0.5 -1.5
233 1018 1.5 1.5
234 1018 -0.5 -1.5
235 1018 0 0.25
236 1019 1.5 1.25
237 1019 -0.5 -1.5
238 1019 0 0.25
239 1019 0 0
240 1020 1.5 1.25
241 1020 -0.5 -1.5
242 1021 1.5 1.5
243 1021 -0.5 -1.5
244 1022 1.5 1.5
245 1023 1 -0.25
246 1023 -0.5 -1.25
247 1024 1.5 1.5
248 1024 -0.5 -1.5
249 1025 1.5 1.5
250 1025 -0.5 -1.5
251 1026 1.5 1.5
252 1026 -0.5 -1.5
253 1026 0 0.25
254 1026 0 0
255 1026 0 0
256 1026 0 0
257 1026 0 0
258 1027 1.5 1.25
259 1027 -0.5 -1.5
260 1027 0 0.25
261 1027 0 0
262 1028 1.5 1.25
263 1028 -0.5 -1.5
264 1028 0 0.25
265 1029 1.5 1.25
266 1029 -0.5 -1.5
267 1029 0 0.25
268 1029 0 0
269 1030 1.5 1.25
270 1030 -0.5 -1.5
271 1030 0 0.25
272 1031 1.5 1.25
273 1031 -0.5 -1.5
274 1031 0 0.25
275 1032 1.5 1.25
276 1032 -0.5 -1.5
277 1032 0 0.25
278 1033 1.5 1.25
279 1033 -0.5 -1.5
280 1034 1.5 1.5
281 1034 -0.5 -1.5
282 1034 0 0.25
283 1035 1.5 1.25
284 1035 -0.5 -1.5
285 1035 0 0.25
286 1035 0 0
287 1036 1.5 1.25
288 1036 -0.5 -1.5
289 1036 0 0.25
290 1037 1.5 1.25
291 1037 -0.5 -1.5
292 1037 0 0.25
293 1037 0 0
294 1037 0 0
295 1037 0 0
296 1037 0 0
297 1037 0 0
298 1037 0 0
299 1038 1.5 1.25
300 1038 -0.5 -1.5
301 1038 0 0.25
302 1038 0 0
303 1038 0 0
304 1038 0 0
305 1039 1.5 1.25
306 1039 -0.5 -1.5
307 1039 0 0.25
308 1040 1.5 1.25
309 1040 -0.5 -1.5
310 1040 0 0.25
311 1040 0 0
312 1041 1.5 1.25
313 1041 -0.5 -1.5
314 1042 1.5 1.5
315 1042 -0.5 -1.5
316 1043 1.5 1.5
317 1043 -0.5 -1.5
318 1044 1.5 1.5
319 1044 -0.5 -1.5
320 1044 0 0.25
321 1045 1.5 1.25
322 1045 -0.5 -1.5
323 1046 1.5 1.5
324 1046 -0.5 -1.5
325 1046 0 0.25
326 1046 0 0
327 1046 0 0
328 1046 0 0
329 1046 0 0
330 1047 1.5 1.25
331 1047 -0.5 -1.5
332 1047 0 0.25
333 1047 0 0
334 1048 1.5 1.25
335 1048 -0.5 -1.5
336 1049 1.5 1.5
337 1049 -0.5 -1.5
338 1050 1.5 1.5
339 1050 -0.5 -1.5
340 1051 1.5 1.5
341 1051 -0.5 -1.5
342 1051 0 0.25
343 1052 1.5 1.25
344 1052 -0.5 -1.5
345 1052 0 0.25
346 1052 0 0
347 1052 0 0
348 1052 0 0
349 1053 1.5 1.25
350 1053 -0.5 -1.5
351 1053 0 0.25
352 1054 1.5 1.25
353 1054 -0.5 -1.5
354 1054 0 0.25
355 1055 1.5 1.25
356 1055 -0.5 -1.5
357 1056 1.5 1.5
358 1056 -0.5 -1.5
359 1056 0 0.25
360 1056 0 0
361 1056 0 0
362 1056 0 0
363 1056 0 0
364 1057 1.5 1.25
365 1058 1 -0.25
366 1058 -0.5 -1.25
367 1059 1.5 1.5
368 1059 -0.5 -1.5
369 1059 0 0.25
370 1060 1.5 1.25
371 1060 -0.5 -1.5
372 1060 0 0.25
373 1061 1.5 1.25
374 1061 -0.5 -1.5
375 1061 0 0.25
376 1062 1.5 1.25
377 1062 -0.5 -1.5
378 1062 0 0.25
379 1063 1.5 1.25
380 1063 -0.5 -1.5
381 1063 0 0.25
382 1064 1.5 1.25
383 1064 -0.5 -1.5
384 1065 1.5 1.5
385 1065 -0.5 -1.5
386 1065 0 0.25
387 1065 0 0
388 1065 0 0
389 1066 1.5 1.25
390 1066 -0.5 -1.5
391 1067 1.5 1.5
392 1067 -0.5 -1.5
393 1068 1.5 1.5
394 1068 -0.5 -1.5
395 1068 0 0.25
396 1068 0 0
397 1069 1.5 1.25
398 1069 -0.5 -1.5
399 1069 0 0.25
400 1070 1.5 1.25
401 1070 -0.5 -1.5
402 1070 0 0.25
403 1070 0 0
404 1070 0 0
405 1071 1.5 1.25
406 1071 -0.5 -1.5
407 1071 0 0.25
408 1071 0 0
409 1072 1.5 1.25
410 1072 -0.5 -1.5
411 1073 1.5 1.5
412 1074 1 -0.25
413 1074 -0.5 -1.25
414 1075 1.5 1.5
415 1075 -0.5 -1.5
416 1075 0 0.25
417 1076 1.5 1.25
418 1076 -0.5 -1.5
419 1076 0 0.25
420 1076 0 0
421 1076 0 0
422 1076 0 0
423 1077 1.5 1.25
424 1077 -0.5 -1.5
425 1077 0 0.25
426 1077 0 0
427 1077 0 0
428 1077 0 0
429 1078 1.5 1.25
430 1078 -0.5 -1.5
431 1078 0 0.25
432 1079 1.5 1.25
433 1079 -0.5 -1.5
434 1080 1.5 1.5
435 1080 -0.5 -1.5
436 1080 0 0.25
437 1081 1.5 1.25
438 1081 -0.5 -1.5
439 1081 0 0.25
440 1081 0 0
441 1082 1.5 1.25
442 1082 -0.5 -1.5
443 1082 0 0.25
444 1083 1.5 1.25
445 1083 -0.5 -1.5
446 1084 1.5 1.5
447 1084 -0.5 -1.5
448 1085 1.5 1.5
449 1085 -0.5 -1.5
450 1086 1.5 1.5
451 1086 -0.5 -1.5
452 1086 0 0.25
453 1087 1.5 1.25
454 1087 -0.5 -1.5
455 1088 1.5 1.5
456 1088 -0.5 -1.5
457 1089 1.5 1.5
458 1089 -0.5 -1.5
459 1089 0 0.25
460 1090 1.5 1.25
461 1090 -0.5 -1.5
462 1091 1.5 1.5
463 1091 -0.5 -1.5
464 1092 1.5 1.5
465 1092 -0.5 -1.5
466 1092 0 0.25
467 1093 1.5 1.25
468 1093 -0.5 -1.5
469 1093 0 0.25
470 1094 1.5 1.25
471 1094 -0.5 -1.5
472 1094 0 0.25
473 1095 1.5 1.25
474 1095 -0.5 -1.5
475 1095 0 0.25
476 1096 1.5 1.25
477 1096 -0.5 -1.5
478 1096 0 0.25
479 1097 1.5 1.25
480 1097 -0.5 -1.5
481 1097 0 0.25
482 1097 0 0
483 1098 1.5 1.25
484 1098 -0.5 -1.5
485 1098 0 0.25
486 1098 0 0
487 1098 0 0
488 1099 1.5 1.25
489 1099 -0.5 -1.5
490 1099 0 0.25
491 1100 1.5 1.25
492 1100 -0.5 -1.5
493 1101 1.5 1.5
494 1101 -0.5 -1.5
495 1102 1.5 1.5
496 1102 -0.5 -1.5
497 1102 0 0.25
498 1102 0 0
499 1103 1.5 1.25
500 1103 -0.5 -1.5
501 1103 0 0.25
502 1104 1.5 1.25
503 1104 -0.5 -1.5
504 1105 1.5 1.5
505 1105 -0.5 -1.5
506 1105 0 0.25
507 1106 1.5 1.25
508 1106 -0.5 -1.5
509 1106 0 0.25
510 1107 1.5 1.25
511 1107 -0.5 -1.5
512 1107 0 0.25
513 1108 1.5 1.25
514 1108 -0.5 -1.5
515 1109 1.5 1.5
516 1109 -0.5 -1.5
517 1109 0 0.25
518 1110 1.5 1.25
519 1110 -0.5 -1.5
520 1111 1.5 1.5
521 1111 -0.5 -1.5
522 1111 0 0.25
523 1111 0 0
524 1112 1.5 1.25
525 1112 -0.5 -1.5
526 1112 0 0.25
527 1113 1.5 1.25
528 1113 -0.5 -1.5
529 1113 0 0.25
530 1114 1.5 1.25
531 1114 -0.5 -1.5
532 1114 0 0.25
533 1114 0 0
534 1115 1.5 1.25
535 1115 -0.5 -1.5
536 1116 1.5 1.5
537 1116 -0.5 -1.5
538 1117 1.5 1.5
539 1117 -0.5 -1.5
540 1117 0 0.25
541 1117 0 0
542 1118 1.5 1.25
543 1118 -0.5 -1.5
544 1119 1.5 1.5
545 1119 -0.5 -1.5
546 1119 0 0.25
547 1120 1.5 1.25
548 1120 -0.5 -1.5
549 1120 0 0.25
550 1121 1.5 1.25
551 1121 -0.5 -1.5
552 1121 0 0.25
553 1121 0 0
554 1122 1.5 1.25
555 1122 -0.5 -1.5
556 1122 0 0.25
557 1123 1.5 1.25
558 1123 -0.5 -1.5
559 1123 0 0.25
560 1124 1.5 1.25
561 1124 -0.5 -1.5
562 1124 0 0.25
563 1125 1.5 1.25
564 1125 -0.5 -1.5
565 1125 0 0.25
566 1125 0 0
567 1126 1.5 1.25
568 1126 -0.5 -1.5
569 1126 0 0.25
570 1126 0 0
571 1126 0 0
572 1127 1.5 1.25
573 1127 -0.5 -1.5
574 1127 0 0.25
575 1128 1.5 1.25
576 1128 -0.5 -1.5
577 1129 1.5 1.5
578 1129 -0.5 -1.5
579 1129 0 0.25
580 1129 0 0
581 1130 1.5 1.25
582 1130 -0.5 -1.5
583 1130 0 0.25
584 1131 1.5 1.25
585 1131 -0.5 -1.5
586 1131 0 0.25
587 1132 1.5 1.25
588 1132 -0.5 -1.5
589 1132 0 0.25
590 1133 1.5 1.25
591 1133 -0.5 -1.5
592 1134 1.5 1.5
593 1134 -0.5 -1.5
594 1134 0 0.25
595 1135 1.5 1.25
596 1135 -0.5 -1.5
597 1135 0 0.25
598 1135 0 0
599 1135 0 0
