Time[s] CO2_smooth[ppm] dCO2_dt[ppm/s] d2CO2_dt2[ppm/s^2] stim_f[Hz]
0 400 nan nan 0
1 400 nan nan 0
2 400 0 0 0
3 404 6 5 0
4 423 26.5 17.75 0
5 461 47.5 20 0
6 504 45.5 1.5 0
7 521 4 -33.75 0
8 536 14 4 0
9 536 -7.5 -18.25 0
10 549 19.5 20 0
11 561 11.5 -4.5 0
12 572 10.5 -1 0
13 582 9.5 -1 0
14 591 8.5 -1 0
15 599 7.5 -1 0
16 638 54.5 39 0
17 680 43.5 -4 0
18 720 39 -3.25 0
19 756 34 -4.5 0
20 788 30 -4 0
21 818 29 -1.5 0
22 846 27 -2 0
23 872 25 -2 0
24 896 23 -2 0
25 918 21 -2 0
26 938 19 -2 0
27 958 20 0.5 0
28 980 23 2.5 0
29 1001 20.5 -1.75 0
30 1011 4.5 -13.5 0
31 1021 10 2.75 0
32 1030 8.5 -1.25 0
33 1039 9 0.25 0
34 1047 7.5 -1.25 0
35 1056 9.5 1.5 0
36 1065 9 -0.25 0
37 1074 9 0 0
38 1083 9 0 0
39 1091 7.5 -1.25 0
40 1098 6.5 -1 0
41 1105 7 0.25 0
42 1111 5.5 -1.25 0
43 1118 7.5 1.5 0
44 1126 8.5 1 0
45 1134 8 -0.25 0
46 1142 8 0 0
47 1150 8 0 0
48 1157 6.5 -1.25 0
49 1161 2.5 -3.5 0
50 1165 4 0.75 0
51 1170 5.5 1.25 0
52 1178 9.5 3.5 0
53 1187 9.5 0.5 0
54 1195 7.5 -1.5 0
55 1203 8 0.25 0
56 1209 5 -2.5 0
57 1215 6 0.5 0
58 1220 4.5 -1.25 0
59 1224 3.5 -1 0
60 1228 4 0.25 0
61 1235 8.5 3.75 0
62 1242 7 -0.75 0
63 1249 7 0 0
64 1256 7 0 0
65 1263 7 0 0
66 1270 7 0 0
67 1276 5.5 -1.25 0
68 1280 3 -2.25 0
69 1283 2.5 -0.75 0
70 1284 0 -2.25 0
71 1287 4 3 0
72 1293 7.5 3.25 0
73 1303 12 4.25 0
74 1312 8.5 -2.25 0
75 1320 7.5 -1 0
76 1327 6.5 -1 0
77 1334 7 0.25 0
78 1341 7 0 0
79 1349 8.5 1.25 0
80 1356 6.5 -1.5 0
81 1364 8.5 1.5 0
82 1370 5 -2.75 0
83 1374 3 -2 0
84 1376 1 -2 0
85 1380 5 3 0
86 1386 7 2 0
87 1395 10.5 3.25 0
88 1404 9 -0.75 0
89 1411 6 -2.5 0
90 1417 5.5 -0.75 0
91 1422 4.5 -1 0
92 1428 6.5 1.5 0
93 1433 4.5 -1.5 0
94 1439 6.5 1.5 0
95 1445 6 -0.25 0
96 1451 6 0 0
97 1457 6 0 0
98 1462 4.5 -1.25 0
99 1466 3.5 -1 0
100 1468 1 -2.25 0
101 1471 3.5 1.75 0
102 1476 6 2.25 0
103 1484 9.5 3.25 0
104 1493 9.5 0.5 0
105 1500 6 -2.75 0
106 1506 5.5 -0.75 0
107 1510 3 -2.25 0
108 1514 4 0.5 0
109 1520 7 2.5 0
110 1527 7.5 0.75 0
111 1535 8.5 1 0
112 1540 3.5 -4 0
113 1542 0.5 -3 0
114 1544 2 0.75 0
115 1545 0.5 -1.25 0
116 1546 1 0.25 0
117 1547 1 0 0
118 1548 1 0 0
119 1553 7 5 0
120 1562 11 4 0
121 1575 15 4 0
122 1586 10 -3.5 0
123 1594 6.5 -3.25 0
124 1598 2 -4.25 0
125 1602 4 1 0
126 1604 1 -2.5 0
127 1604 -1 -2 0
128 1605 1.5 1.75 0
129 1608 4 2.25 0
130 1613 6 2 0
131 1621 9.5 3.25 0
132 1628 6.5 -2 0
133 1631 1 -4.75 0
134 1634 3 1 0
135 1639 6 2.5 0
136 1647 9.5 3.25 101.5
137 1654 6.5 -2 104.5
138 1660 5.5 -1 107.5
139 1664 3 -2.25 110.5
140 1666 1 -2 113.5
141 1667 0.5 -0.75 116.5
142 1667 -0.5 -1 119.5
143 1668 1.5 1.5 122.5
144 1669 1 -0.25 125.5
145 1670 1 0 128.5
146 1671 1 0 131.5
147 1677 8.5 6.25 134.5
148 1686 10.5 2.5 137.5
149 1699 15 4.25 140.5
150 1710 10 -3.5 143.5
151 1717 5 -4.5 146.5
152 1719 -0.5 -5.25 149.5
153 1721 2 1.25 152.5
154 1722 0.5 -1.25 155.5
155 1723 1 0.25 158.5
156 1726 4 2.5 161.5
157 1733 9 4.5 164.5
158 1743 11.5 2.75 167.5
159 1750 5.5 -4.5 170.5
160 1754 2.5 -3 173.5
161 1755 -0.5 -3 176.5
162 1756 1 0.75 179.5
163 1757 1 0 182.5
164 1758 1 0 185.5
165 1762 5.5 3.75 188.5
166 1770 10 4.25 191.5
167 1782 14 4 194.5
168 1793 10.5 -2.25 197.5
169 1800 5 -4.75 200.5
170 1802 -0.5 -5.25 203.5
171 1804 2 1.25 206.5
172 1805 0.5 -1.25 209.5
173 1806 1 0.25 212.5
174 1807 1 0 215.5
175 1809 2.5 1.25 218.5
176 1810 0.5 -1.5 221.5
177 1811 1 0.25 224.5
178 1817 8.5 6.25 227.5
179 1827 12 3.75 230.5
180 1841 16 4 233.5
181 1852 9.5 -4.75 236.5
182 1859 5 -4.25 239.5
183 1861 -0.5 -5.25 242.5
184 1861 -1 -1.25 245.5
185 1862 1.5 1.75 248.5
186 1863 1 -0.25 251.5
187 1864 1 0 254.5
188 1867 4 2.5 257.5
189 1874 9 4.5 260.5
190 1885 13 4 263.5
191 1895 9.5 -2.25 266.5
192 1903 7 -2.25 269.5
193 1908 3.5 -3.25 272.5
194 1913 5 0.75 275.5
195 1917 3.5 -1.25 278.5
196 1919 1 -2.25 281.5
197 1920 0.5 -0.75 284.5
198 1921 1 0.25 287.5
199 1922 1 0 290.5
200 1923 1 0 293.5
201 1924 1 0 296.5
202 1925 1 0 299.5
203 1926 1 0 302.5
204 1928 2.5 1.25 305.5
205 1930 2 -0.25 308.5
206 1932 2 0 311.5
207 1934 2 0 314.5
208 1936 2 0 317.5
209 1939 3.5 1.25 320.5
210 1941 1.5 -1.5 323.5
211 1943 2 0.25 326.5
212 1946 3.5 1.25 329.5
213 1948 1.5 -1.5 332.5
214 1951 3.5 1.5 335.5
215 1954 3 -0.25 338.5
216 1957 3 0 341.5
217 1960 3 0 344.5
218 1963 3 0 347.5
219 1966 3 0 350.5
220 1969 3 0 353.5
221 1973 4.5 1.25 356.5
222 1983 13 7.25 359.5
223 2002 23.5 9.75 362.5
224 2029 31 7.75 365.5
225 2051 19.5 -8.25 368.5
226 2065 10 -8.75 371.5
227 2074 6.5 -4.25 374.5
228 2081 6 -1.25 377.5
229 2085 2.5 -3.25 380.5
230 2087 1 -1.75 383.5
231 2088 0.5 -0.75 386.5
232 2089 1 0.25 389.5
233 2090 1 0 392.5
234 2091 1 0 395.5
235 2093 2.5 1.25 398.5
236 2095 2 -0.25 401.5
237 2097 2 0 404.5
238 2104 9.5 6.25 407.5
239 2117 16 6.25 410.5
240 2134 19 3.5 413.5
241 2146 9.5 -7.25 416.5
242 2152 3 -6.25 419.5
243 2153 -1.5 -4.75 422.5
244 2154 1 1.25 425.5
245 2154 -0.5 -1.25 428.5
246 2155 1.5 1.5 431.5
247 2157 2.5 1 434.5
248 2159 2 -0.25 437.5
249 2161 2 0 440.5
250 2163 2 0 443.5
251 2165 2 0 446.5
252 2168 3.5 1.25 449.5
253 2171 3 -0.25 452.5
254 2174 3 0 455.5
255 2177 3 0 458.5
256 2186 12 7.5 461.5
257 2203 21 8.5 464.5
258 2226 26 5.5 467.5
259 2243 14 -9 470.5
260 2251 3.5 -9.75 473.5
261 2253 -1 -5.25 476.5
262 2257 5 4 479.5
263 2264 8.5 3.25 482.5
264 2275 13 4.25 485.5
265 2284 8 -3.5 488.5
266 2289 3 -4.5 491.5
267 2290 -1 -4 494.5
268 2291 1 1 497.5
269 2292 1 0 500.5
270 2296 5.5 3.75 503.5
271 2305 11.5 5.5 506.5
272 2316 12 1.25 509.5
273 2324 6.5 -4.25 512.5
274 2329 3.5 -3 515.5
275 2330 -1 -4.25 518.5
276 2335 7 6 521.5
277 2344 11 4 524.5
278 2356 13.5 2.75 527.5
279 2366 9 -3.25 530.5
280 2372 4 -4.5 533.5
281 2374 0 -4 536.5
282 2378 5 3.5 539.5
283 2386 10 4.5 542.5
284 2398 14 4 545.5
285 2410 12 -1 548.5
286 2418 6 -5 551.5
287 2421 0.5 -5.25 554.5
288 2423 1.5 0 557.5
289 2424 0.5 -1 560.5
290 2425 1 0.25 563.5
291 2427 2.5 1.25 566.5
292 2429 2 -0.25 569.5
293 2431 2 0 572.5
294 2433 2 0 575.5
295 2435 2 0 578.5
296 2437 2 0 581.5
297 2440 3.5 1.25 584.5
298 2443 3 -0.25 587.5
299 2446 3 0 590.5
300 2449 3 0 593.5
301 2453 4.5 1.25 596.5
302 2457 4 -0.25 599.5
303 2461 4 0 602.5
304 2464 2.5 -1.25 605.5
305 2468 4.5 1.5 608.5
306 2472 4 -0.25 611.5
307 2476 4 0 614.5
308 2489 17.5 11.25 617.5
309 2512 28 10.25 620.5
310 2543 35 7.5 623.5
311 2565 17.5 -13.25 626.5
312 2577 7 -10.25 629.5
313 2579 -3 -10 632.5
314 2580 0.5 1.25 635.5
315 2581 1 0.25 638.5
316 2583 2.5 1.25 641.5
317 2589 8 4.75 644.5
318 2600 13.5 5.25 647.5
319 2617 20 6.25 650.5
320 2631 12.5 -5.25 653.5
321 2640 6.5 -5.5 656.5
322 2643 0 -6.25 659.5
323 2647 4.5 2.75 662.5
324 2654 8.5 3.5 665.5
325 2665 13 4.25 668.5
326 2673 6.5 -4.75 671.5
327 2678 3.5 -3 674.5
328 2680 0.5 -3 677.5
329 2681 0.5 -0.5 680.5
330 2682 1 0.25 683.5
331 2683 1 0 686.5
332 2685 2.5 1.25 689.5
333 2687 2 -0.25 692.5
334 2694 9.5 6.25 695.5
335 2707 16 6.25 698.5
336 2726 22 6 701.5
337 2743 16 -4 704.5
338 2756 11 -4.5 707.5
339 2762 2.5 -7.75 710.5
340 2765 1.5 -2 713.5
341 2767 1.5 -0.5 716.5
342 2768 0.5 -1 719.5
343 2769 1 0.25 722.5
344 2774 7 5 725.5
345 2784 12.5 5.25 728.5
346 2800 19 6.25 731.5
347 2813 11.5 -5.25 734.5
348 2823 8.5 -3 737.5
349 2826 -0.5 -8 740.5
350 2828 1.5 0.5 743.5
351 2829 0.5 -1 746.5
352 2830 1 0.25 749.5
353 2832 2.5 1.25 752.5
354 2834 2 -0.25 755.5
355 2841 9.5 6.25 758.5
356 2854 16 6.25 761.5
357 2872 20.5 4.75 764.5
358 2886 12 -6.25 767.5
359 2893 3.5 -7.75 770.5
360 2895 -0.5 -4.5 773.5
361 2896 0.5 0 776.5
362 2896 -0.5 -1 779.5
363 2897 1.5 1.5 782.5
364 2899 2.5 1 785.5
365 2905 8 4.75 788.5
366 2917 15 6.5 791.5
367 2935 21 6 794.5
368 2948 10.5 -7.75 797.5
369 2955 4 -6.25 800.5
370 2957 -0.5 -4.75 803.5
371 2961 5 3.75 806.5
372 2969 10 4.5 809.5
373 2982 15.5 5.25 812.5
374 2994 11.5 -2.5 815.5
375 3004 9 -2.25 818.5
376 3011 5.5 -3.25 821.5
377 3016 4 -1.75 824.5
378 3019 2 -2 827.5
379 3021 1.5 -0.75 830.5
380 3026 6.5 4 833.5
381 3034 9.5 3 836.5
382 3047 15.5 5.5 839.5
383 3059 11.5 -2.5 842.5
384 3069 9 -2.25 845.5
385 3078 8.5 -0.75 848.5
386 3087 9 0.25 851.5
387 3095 7.5 -1.25 854.5
388 3101 5 -2.25 857.5
389 3104 1.5 -3.25 860.5
390 3106 1.5 -0.5 863.5
391 3107 0.5 -1 866.5
392 3113 8.5 6.5 869.5
393 3121 9 1.25 872.5
394 3133 14 4.5 875.5
395 3144 10.5 -2.25 878.5
396 3153 8 -2.25 881.5
397 3163 10.5 1.75 884.5
398 3173 10 -0.25 887.5
399 3183 10 0 890.5
400 3192 8.5 -1.25 893.5
401 3200 7.5 -1 896.5
402 3206 5 -2.25 899.5
403 3209 1.5 -3.25 902.5
404 3211 1.5 -0.5 905.5
405 3212 0.5 -1 908.5
406 3217 7 5.25 911.5
407 3227 12.5 5.25 914.5
408 3242 17.5 5 917.5
409 3255 12 -3.75 920.5
410 3264 7 -4.5 923.5
411 3267 0 -6.5 926.5
412 3269 1.5 0.25 929.5
413 3270 0.5 -1 932.5
414 3275 7 5.25 935.5
415 3286 14 6.5 938.5
416 3301 17 3.5 941.5
417 3315 13.5 -2.25 944.5
418 3325 8 -4.75 947.5
419 3330 2.5 -5.25 950.5
420 3333 2 -1.25 953.5
421 3335 1.5 -0.75 956.5
422 3339 5 2.75 959.5
423 3347 10 4.5 962.5
424 3361 17 6.5 965.5
425 3373 11 -4 968.5
426 3382 7.5 -3.25 971.5
427 3386 1.5 -5.5 974.5
428 3388 1 -1.25 977.5
429 3392 5 3 980.5
430 3401 11.5 5.75 983.5
431 3415 16.5 5 986.5
432 3428 12.5 -2.5 989.5
433 3440 11.5 -1 992.5
434 3448 6 -4.75 995.5
435 3457 9.5 2.25 998.5
436 3466 9 -0.25 1001.5
437 3474 7.5 -1.25 1004.5
438 3480 5 -2.25 1007.5
439 3484 3 -2 1010.5
440 3486 1 -2 1013.5
441 3487 0.5 -0.75 1016.5
442 3492 7 5.25 1019.5
443 3503 14 6.5 1022.5
444 3519 18.5 4.75 1025.5
445 3533 13 -3.75 1028.5
446 3542 6.5 -5.75 1031.5
447 3545 0 -6.25 1034.5
448 3547 1.5 0.25 1037.5
449 3552 6.5 4 1040.5
450 3561 11 4.25 1043.5
451 3575 16.5 5.25 1046.5
452 3588 12.5 -2.5 1049.5
453 3600 11.5 -1 1052.5
454 3609 7.5 -3.5 1055.5
455 3617 7.5 -0.5 1058.5
456 3623 5 -2.25 1061.5
457 3627 3 -2 1064.5
458 3632 5.5 1.75 1067.5
459 3640 9.5 3.5 1070.5
460 3653 15.5 5.5 1073.5
461 3665 11.5 -2.5 1076.5
462 3676 10.5 -1 1079.5
463 3684 6.5 -3.5 1082.5
464 3692 8 0.75 1085.5
465 3699 6.5 -1.25 1088.5
466 3704 4 -2.25 1091.5
467 3707 2 -2 1094.5
468 3712 6 3 1097.5
469 3720 9.5 3.25 1100.5
470 3733 15.5 5.5 1103.5
471 3746 13 -1.25 1106.5
472 3759 13 0 1109.5
473 3769 8.5 -3.75 1112.5
474 3780 11.5 2 1115.5
475 3790 9.5 -1.5 1118.5
476 3800 10 0.25 1121.5
477 3809 8.5 -1.25 1124.5
478 3818 9 0.25 1127.5
479 3818 -4.5 -11.25 1130.5
480 3828 15 14.75 1133.5
481 3838 10 -2.5 1136.5
482 3849 11.5 1.25 1139.5
483 3860 11 -0.25 1142.5
484 3870 9.5 -1.25 1145.5
485 3880 10 0.25 1148.5
486 3886 4 -5 1151.5
487 3892 6 1 1154.5
488 3899 7.5 1.25 1157.5
489 3910 13 4.75 1160.5
490 3923 14 1.5 1163.5
491 3935 11.5 -1.75 1166.5
492 3946 10.5 -1 1169.5
493 3956 9.5 -1 1172.5
494 3966 10 0.25 1175.5
495 3973 5.5 -3.75 1178.5
496 3979 5.5 -0.5 1181.5
497 3987 9 2.75 1184.5
498 3998 12.5 3.25 1187.5
499 4010 12.5 0.5 1190.5
500 4021 10.5 -1.5 1193.5
501 4031 9.5 -1 1196.5
502 4042 11.5 1.5 1199.5
503 4053 11 -0.25 1202.5
504 4063 9.5 -1.25 1205.5
505 4073 10 0.25 1208.5
506 4082 8.5 -1.25 1211.5
507 4091 9 0.25 1214.5
508 4100 9 0 1217.5
509 4110 10.5 1.25 1220.5
510 4120 10 -0.25 1223.5
511 4131 11.5 1.25 1226.5
512 4141 9.5 -1.5 1229.5
513 4151 10 0.25 1232.5
514 4161 10 0 1235.5
515 4171 10 0 1238.5
516 4181 10 0 1241.5
517 4191 10 0 1244.5
518 4201 10 0 1247.5
519 4211 10 0 1250.5
520 4220 8.5 -1.25 1253.5
521 4230 10.5 1.5 1256.5
522 4240 10 -0.25 1259.5
523 4250 10 0 1262.5
524 4261 11.5 1.25 1265.5
525 4270 8 -2.75 1268.5
526 4280 10.5 1.75 1271.5
527 4289 8.5 -1.5 1274.5
528 4299 10.5 1.5 1277.5
529 4308 8.5 -1.5 1280.5
530 4317 9 0.25 1283.5
531 4323 4.5 -3.75 1286.5
532 4329 6 0.75 1289.5
533 4337 9 2.5 1292.5
534 4349 14 4.5 1295.5
535 4363 15 1.5 1298.5
536 4376 12.5 -1.75 1301.5
537 4386 8.5 -3.5 1304.5
538 4395 8.5 -0.5 1307.5
539 4404 9 0.25 1310.5
540 4413 9 0 1313.5
541 4422 9 0 1316.5
542 4432 10.5 1.25 1319.5
543 4441 8.5 -1.5 1322.5
544 4451 10.5 1.5 1325.5
545 4461 10 -0.25 1328.5
546 4470 8.5 -1.25 1331.5
547 4480 10.5 1.5 1334.5
548 4488 7 -2.75 1337.5
549 4494 5 -2 1340.5
550 4500 6 0.5 1343.5
551 4508 9 2.5 1346.5
552 4521 15.5 5.75 1349.5
553 4533 11.5 -2.5 1352.5
554 4542 7.5 -3.5 1355.5
555 4548 4.5 -3 1358.5
556 4556 9 3.25 1361.5
557 4567 12.5 3.25 1364.5
558 4578 11 -0.75 1367.5
559 4589 11 0 1370.5
560 4598 8 -2.5 1373.5
561 4604 4.5 -3.25 1376.5
562 4611 7.5 2 1379.5
563 4619 8.5 1 1382.5
564 4631 14 4.75 1385.5
565 4644 13.5 0.25 1388.5
566 4656 11.5 -1.5 1391.5
567 4666 9 -2.25 1394.5
568 4674 7 -2 1397.5
569 4681 6.5 -0.75 1400.5
570 4687 5.5 -1 1403.5
571 4696 10.5 4 1406.5
572 4709 15 4.25 1409.5
573 4721 11.5 -2.25 1412.5
574 4730 7.5 -3.5 1415.5
575 4735 3 -4.25 1418.5
576 4740 5 1 1421.5
577 4748 9.5 3.75 1424.5
578 4761 15.5 5.5 1427.5
579 4771 8.5 -5 1430.5
580 4778 5.5 -3 1433.5
581 4780 -0.5 -5.5 1436.5
582 4785 6.5 5 1439.5
583 4796 14 6.75 1442.5
584 4811 17 3.5 1445.5
585 4826 15 -1 1448.5
586 4839 12 -2.5 1451.5
587 4850 10 -2 1454.5
588 4860 9.5 -0.75 1457.5
589 4867 5.5 -3.5 1460.5
590 4871 2.5 -3 1463.5
591 4876 5.5 2 1466.5
592 4885 11 4.75 1469.5
593 4898 15 4 1472.5
594 4909 10 -3.5 1475.5
595 4918 8 -2 1478.5
596 4927 9 0.5 1481.5
597 4927 -4.5 -11.25 1484.5
598 4940 19.5 18.5 1487.5
599 4953 13 -3.25 1490.5
600 4962 7 -5 1493.5
