184 1276 1.5 1.5
185 1277 1 -0.25
186 1278 1 0
187 1279 1 0
188 1280 1 0
189 1285 7 5
190 1294 11 4
191 1307 15 4
192 1317 8.5 -4.75
193 1322 2.5 -5.5
194 1325 2 -1.25
195 1329 4.5 1.75
196 1336 8.5 3.5
197 1342 5.5 -2
198 1345 1.5 -3.5
199 1346 0 -1.75
200 1347 1 0.5
201 1348 1 0
202 1349 1 0
203 1350 1 0
204 1351 1 0
205 1353 2.5 1.25
206 1355 2 -0.25
207 1357 2 0
208 1359 2 0
209 1361 2 0
210 1363 2 0
211 1365 2 0
212 1367 2 0
213 1369 2 0
214 1372 3.5 1.25
215 1380 10.5 6
216 1394 17 6.25
217 1414 23 6
218 1428 11 -9
219 1435 3.5 -7.25
220 1436 -2 -5.75
221 1436 -0.5 0.25
222 1437 1.5 1.5
223 1438 1 -0.25
224 1442 5.5 3.75
225 1449 8.5 3
226 1458 10 1.75
227 1465 6 -3
228 1469 2.5 -3.25
229 1470 -0.5 -3
230 1471 1 0.75
231 1472 1 0
232 1473 1 0
233 1475 2.5 1.25
234 1476 0.5 -1.5
235 1478 2.5 1.5
236 1484 8 4.75
237 1494 12 4
238 1509 17.5 5.25
239 1520 9 -6.25
240 1526 3.5 -5.25
241 1527 -1.5 -5
242 1530 4 3.75
243 1535 6 2
244 1544 11 4.5
245 1551 6 -3.5
246 1555 2.5 -3.25
247 1556 -0.5 -3
248 1557 1 0.75
249 1561 5.5 3.75
250 1568 8.5 3
251 1578 11.5 3
252 1578 -5 -13.25
253 1585 10.5 11.25
254 1590 4 -4.25
255 1591 -1 -4.5
256 1593 2.5 2.25
257 1598 6.5 3.5
258 1606 9.5 3
259 1612 5 -3.25
260 1615 1.5 -3.25
261 1618 3 0.75
262 1622 4.5 1.25
263 1629 8.5 3.5
264 1636 7 -0.75
265 1640 2.5 -3.75
266 1644 4 0.75
267 1648 4 0
268 1655 8.5 3.75
269 1662 7 -0.75
270 1668 5.5 -1.25
271 1673 4.5 -1
272 1677 3.5 -1
273 1680 2.5 -1
274 1683 3 0.25
275 1688 6 2.5
276 1695 8 2
277 1701 5.5 -1.75
278 1705 3 -2.25
279 1706 -0.5 -3.25
280 1709 4 3.25
281 1715 7.5 3.25
282 1725 12 4.25
283 1735 10 -1
284 1744 8.5 -1.25
285 1752 7.5 -1
286 1759 6.5 -1
287 1767 8.5 1.5
288 1775 8 -0.25
289 1785 11 2.5
290 1796 11.5 0.75
291 1808 12.5 1
292 1820 12 -0.25
293 1833 13.5 1.25
294 1847 14.5 1
295 1864 18.5 3.5
296 1882 18.5 0.5
297 1901 19.5 1
298 1921 20.5 1
299 1941 20 -0.25
300 1961 20 0
301 1983 23 2.5
302 2009 28 4.5
303 2038 30.5 2.75
304 2071 35 4.25
305 2103 31.5 -2.25
306 2135 32 0.25
307 2166 30.5 -1.25
308 2198 32.5 1.5
309 2231 33.5 1
310 2264 33 -0.25
311 2297 33 0
312 2331 34.5 1.25
313 2365 34 -0.25
314 2400 35.5 1.25
315 2433 32 -2.75
316 2467 34.5 1.75
317 2499 31 -2.75
318 2532 33.5 1.75
319 2564 31.5 -1.5
320 2597 33.5 1.5
321 2631 34.5 1
322 2665 34 -0.25
323 2699 34 0
324 2733 34 0
325 2767 34 0
326 2800 32.5 -1.25
327 2833 33 0.25
328 2866 33 0
329 2897 30 -2.5
330 2929 32.5 1.75
331 2961 32 -0.25
332 2992 30.5 -1.25
333 3023 31 0.25
334 3053 29.5 -1.25
335 3083 30 0.25
336 3113 30 0
337 3142 28.5 -1.25
338 3171 29 0.25
339 3199 27.5 -1.25
340 3227 28 0.25
341 3253 25 -2.5
342 3279 26 0.5
343 3305 26 0
344 3332 27.5 1.25
345 3359 27 -0.25
346 3386 27 0
347 3412 25.5 -1.25
348 3437 24.5 -1
349 3462 25 0.25
350 3487 25 0
351 3512 25 0
352 3536 23.5 -1.25
353 3560 24 0.25
354 3583 22.5 -1.25
355 3606 23 0.25
356 3629 23 0
357 3653 24.5 1.25
358 3677 24 -0.25
359 3701 24 0
360 3723 21 -2.5
361 3744 20.5 -0.75
362 3765 21 0.25
363 3785 19.5 -1.25
364 3806 21.5 1.5
365 3827 21 -0.25
366 3848 21 0
367 3848 -10.5 -26.25
368 3869 31.5 31.5
369 3890 21 -5.25
370 3911 21 0
371 3932 21 0
372 3951 18 -2.5
373 3971 20.5 1.75
374 3990 18.5 -1.5
375 4010 20.5 1.5
376 4030 20 -0.25
377 4049 18.5 -1.25
378 4068 19 0.25
379 4086 17.5 -1.25
380 4105 19.5 1.5
381 4124 19 -0.25
382 4142 17.5 -1.25
383 4160 18 0.25
384 4178 18 0
385 4194 15 -2.5
386 4211 17.5 1.75
387 4228 17 -0.25
388 4246 18.5 1.25
389 4264 18 -0.25
390 4282 18 0
391 4300 18 0
392 4318 18 0
393 4335 16.5 -1.25
394 4351 15.5 -1
395 4369 19 2.75
396 4387 18 -0.5
397 4404 16.5 -1.25
398 4422 18.5 1.5
399 4438 15 -2.75
400 4455 17.5 1.75
401 4471 15.5 -1.5
402 4488 17.5 1.5
403 4505 17 -0.25
404 4523 18.5 1.25
405 4539 15 -2.75
406 4555 16 0.5
407 4569 13 -2.5
408 4583 14 0.5
409 4596 12.5 -1.25
410 4610 14.5 1.5
411 4624 14 -0.25
412 4638 14 0
413 4651 12.5 -1.25
414 4664 13 0.25
415 4679 16 2.5
416 4695 16.5 0.75
417 4712 17.5 1
418 4728 15.5 -1.5
419 4744 16 0.25
420 4761 17.5 1.25
421 4778 17 -0.25
422 4794 15.5 -1.25
423 4811 17.5 1.5
424 4827 15.5 -1.5
425 4844 17.5 1.5
426 4860 15.5 -1.5
427 4877 17.5 1.5
428 4893 15.5 -1.5
429 4910 17.5 1.5
430 4926 15.5 -1.5
431 4942 16 0.25
432 4960 19 2.5
433 4977 16.5 -1.75
434 4996 20 2.75
435 5015 19 -0.5
436 5036 22 2.5
437 5056 19.5 -1.75
438 5076 20 0.25
439 5097 21.5 1.25
440 5119 22.5 1
441 5140 20.5 -1.5
442 5160 19.5 -1
443 5179 18.5 -1
444 5198 19 0.25
445 5217 19 0
446 5238 22 2.5
447 5259 21 -0.5
448 5280 21 0
449 5300 19.5 -1.25
450 5321 21.5 1.5
451 5341 19.5 -1.5
452 5361 20 0.25
453 5381 20 0
454 5401 20 0
455 5421 20 0
456 5441 20 0
457 5460 18.5 -1.25
458 5478 17.5 -1
459 5497 19.5 1.5
460 5518 22 2.25
461 5540 22.5 0.75
462 5561 20.5 -1.5
463 5581 19.5 -1
464 5599 17 -2.25
465 5616 16.5 -0.75
466 5633 17 0.25
467 5651 18.5 1.25
468 5670 19.5 1
469 5691 22 2.25
470 5711 19.5 -1.75
471 5732 21.5 1.5
472 5751 18 -2.75
473 5770 19 0.5
474 5788 17.5 -1.25
475 5806 18 0.25
476 5825 19.5 1.25
477 5844 19 -0.25
478 5863 19 0
479 5882 19 0
480 5901 19 0
481 5921 20.5 1.25
482 5921 -10 -25.25
483 5941 30 30
484 5960 18.5 -6.25
485 5978 17.5 -1
486 5995 16.5 -1
487 6012 17 0.25
488 6031 20 2.5
489 6051 20.5 0.75
490 6072 21.5 1
491 6093 21 -0.25
492 6113 19.5 -1.25
493 6133 20 0.25
494 6153 20 0
495 6173 20 0
496 6194 21.5 1.25
497 6215 21 -0.25
498 6235 19.5 -1.25
499 6255 20 0.25
500 6273 17 -2.5
501 6292 19.5 1.75
502 6312 20.5 1
503 6332 20 -0.25
504 6352 20 0
505 6371 18.5 -1.25
506 6389 17.5 -1
507 6407 18 0.25
508 6425 18 0
509 6444 19.5 1.25
510 6462 17.5 -1.5
511 6481 19.5 1.5
512 6500 19 -0.25
513 6520 20.5 1.25
514 6541 21.5 1
515 6562 21 -0.25
516 6582 19.5 -1.25
517 6600 17 -2.25
518 6618 18 0.5
519 6636 18 0
520 6656 21 2.5
521 6677 21.5 0.75
522 6698 21 -0.25
523 6719 21 0
524 6737 16.5 -3.75
525 6754 16.5 -0.5
526 6771 17 0.25
527 6791 21.5 3.75
528 6811 20 -0.75
529 6831 20 0
530 6851 20 0
531 6870 18.5 -1.25
532 6890 20.5 1.5
533 6910 20 -0.25
534 6928 17 -2.5
535 6944 15 -2
536 6956 10 -4.5
537 6964 6 -4
538 6978 17 8.5
539 7002 29 11
540 7039 43.5 13.75
541 7073 32.5 -7
542 7102 26.5 -5.5
543 7124 18.5 -7.5
544 7144 19 -0.75
545 7162 17 -2
546 7181 19.5 1.75
547 7203 23.5 3.5
548 7226 23.5 0.5
549 7250 24.5 1
550 7271 19.5 -4
551 7289 16.5 -3
552 7306 16.5 -0.5
553 7323 17 0.25
554 7341 18.5 1.25
555 7359 18 -0.25
556 7378 19.5 1.25
557 7397 19 -0.25
558 7416 19 0
559 7437 22 2.5
560 7458 21 -0.5
561 7479 21 0
562 7501 22.5 1.25
563 7522 20.5 -1.5
564 7543 21 0.25
565 7563 19.5 -1.25
566 7582 18.5 -1
567 7600 17.5 -1
568 7619 19.5 1.5
569 7639 20.5 1
570 7660 21.5 1
571 7681 21 -0.25
572 7703 22.5 1.25
573 7723 19 -2.75
574 7743 20 0.5
575 7763 20 0
576 7781 17 -2.5
577 7800 19.5 1.75
578 7819 19 -0.25
579 7840 22 2.5
580 7861 21 -0.5
581 7881 19.5 -1.25
582 7899 17 -2.25
583 7917 18 0.5
584 7936 19.5 1.25
585 7956 20.5 1
586 7977 21.5 1
587 7997 19.5 -1.5
588 8016 18.5 -1
589 8036 20.5 1.5
590 8058 23 2.25
591 8082 25 2
592 8106 24 -0.5
593 8130 24 0
594 8151 19.5 -3.75
595 8151 -10.5 -25.5
596 8171 30 30.25
597 8191 20 -5
598 8211 20 0
599 8232 21.5 1.25
