Time[s] CO2_smooth[ppm] dCO2_dt[ppm/s] d2CO2_dt2[ppm/s^2]
0 778 nan nan
1 790 nan nan
2 802 12 0
3 812 9 -2.5
4 824 13 3
5 836 12 -0.5
6 848 12 0
7 862 15 2.5
8 874 11 -3
9 886 12 0.5
10 898 12 0
11 910 12 0
12 922 12 0
13 934 12 0
14 948 15 2.5
15 958 8 -5.5
16 968 10 1
17 978 10 0
18 988 10 0
19 996 7 -2.5
20 1001 3.5 -3.25
21 998 -7 -9.25
22 980 -25.5 -16.75
23 950 -36 -11.25
24 918 -33 0.5
25 894 -20 10.5
26 886 0 18
27 884 1 3.5
28 884 1 1
29 886 3 2
30 888 2 -0.5
31 888 -1 -2.5
32 888 0 0.5
33 890 3 2.5
34 892 2 -0.5
35 894 2 0
36 896 2 0
37 898 2 0
38 900 2 0
39 904 5 2.5
40 906 1 -3
41 908 2 0.5
42 910 2 0
43 912 2 0
44 916 5 2.5
45 918 1 -3
46 920 2 0.5
47 922 2 0
48 924 2 0
49 928 5 2.5
50 930 1 -3
51 932 2 0.5
52 936 5 2.5
53 938 1 -3
54 942 5 3
55 946 4 -0.5
56 948 1 -2.5
57 952 5 3
58 956 4 -0.5
59 958 1 -2.5
60 962 5 3
61 966 4 -0.5
62 968 1 -2.5
63 972 5 3
64 976 4 -0.5
65 980 4 0
66 984 4 0
67 988 4 0
68 990 1 -2.5
69 994 5 3
70 998 4 -0.5
71 1001 2.5 -1.25
72 1003 1.5 -1
73 1006 3.5 1.5
74 1008 1.5 -1.5
75 1009 0.5 -1
76 1011 2.5 1.5
77 1012 0.5 -1.5
78 1014 2.5 1.5
79 1016 2 -0.25
80 1017 0.5 -1.25
81 1019 2.5 1.5
82 1020 0.5 -1.5
83 1022 2.5 1.5
84 1024 2 -0.25
85 1025 0.5 -1.25
86 1027 2.5 1.5
87 1028 0.5 -1.5
88 1029 1 0.25
89 1031 2.5 1.25
90 1032 0.5 -1.5
91 1034 2.5 1.5
92 1036 2 -0.25
93 1037 0.5 -1.25
94 1039 2.5 1.5
95 1041 2 -0.25
96 1042 0.5 -1.25
97 1044 2.5 1.5
98 1045 0.5 -1.5
99 1047 2.5 1.5
100 1049 2 -0.25
101 1050 0.5 -1.25
102 1052 2.5 1.5
103 1053 0.5 -1.5
104 1055 2.5 1.5
105 1057 2 -0.25
106 1058 0.5 -1.25
107 1060 2.5 1.5
108 1062 2 -0.25
109 1063 0.5 -1.25
110 1065 2.5 1.5
111 1066 0.5 -1.5
112 1068 2.5 1.5
113 1069 0.5 -1.5
114 1071 2.5 1.5
115 1072 0.5 -1.5
116 1073 1 0.25
117 1075 2.5 1.25
118 1076 0.5 -1.5
119 1078 2.5 1.5
120 1080 2 -0.25
121 1082 2 0
122 1083 0.5 -1.25
123 1085 2.5 1.5
124 1087 2 -0.25
125 1088 0.5 -1.25
126 1090 2.5 1.5
127 1092 2 -0.25
128 1094 2 0
129 1095 0.5 -1.25
130 1097 2.5 1.5
131 1098 0.5 -1.5
132 1100 2.5 1.5
133 1101 0.5 -1.5
134 1103 2.5 1.5
135 1105 2 -0.25
136 1106 0.5 -1.25
137 1108 2.5 1.5
138 1109 0.5 -1.5
139 1111 2.5 1.5
140 1113 2 -0.25
141 1114 0.5 -1.25
142 1116 2.5 1.5
143 1117 0.5 -1.5
144 1119 2.5 1.5
145 1119 -1 -2.75
146 1121 3 3
147 1122 0.5 -1.75
148 1124 2.5 1.5
149 1126 2 -0.25
150 1127 0.5 -1.25
151 1129 2.5 1.5
152 1131 2 -0.25
153 1132 0.5 -1.25
154 1134 2.5 1.5
155 1136 2 -0.25
156 1137 0.5 -1.25
157 1139 2.5 1.5
158 1141 2 -0.25
159 1143 2 0
160 1145 2 0
161 1146 0.5 -1.25
162 1148 2.5 1.5
163 1150 2 -0.25
164 1151 0.5 -1.25
165 1153 2.5 1.5
166 1154 0.5 -1.5
167 1156 2.5 1.5
168 1157 0.5 -1.5
169 1159 2.5 1.5
170 1161 2 -0.25
171 1163 2 0
172 1165 2 0
173 1167 2 0
174 1169 2 0
175 1171 2 0
176 1173 2 0
177 1175 2 0
178 1177 2 0
179 1179 2 0
180 1181 2 0
181 1182 0.5 -1.25
182 1184 2.5 1.5
183 1186 2 -0.25
184 1187 0.5 -1.25
185 1189 2.5 1.5
186 1191 2 -0.25
187 1192 0.5 -1.25
188 1194 2.5 1.5
189 1196 2 -0.25
190 1198 2 0
191 1200 2 0
192 1202 2 0
193 1204 2 0
194 1205 0.5 -1.25
195 1207 2.5 1.5
196 1209 2 -0.25
197 1211 2 0
198 1213 2 0
199 1215 2 0
200 1217 2 0
201 1219 2 0
202 1221 2 0
203 1223 2 0
204 1225 2 0
205 1227 2 0
206 1229 2 0
207 1231 2 0
208 1233 2 0
209 1235 2 0
210 1237 2 0
211 1239 2 0
212 1241 2 0
213 1243 2 0
214 1245 2 0
215 1247 2 0
216 1249 2 0
217 1251 2 0
218 1253 2 0
219 1255 2 0
220 1257 2 0
221 1259 2 0
222 1261 2 0
223 1263 2 0
224 1266 3.5 1.25
225 1268 1.5 -1.5
226 1270 2 0.25
227 1272 2 0
228 1275 3.5 1.25
229 1277 1.5 -1.5
230 1279 2 0.25
231 1281 2 0
232 1284 3.5 1.25
233 1286 1.5 -1.5
234 1288 2 0.25
235 1290 2 0
236 1292 2 0
237 1294 2 0
238 1296 2 0
239 1299 3.5 1.25
240 1301 1.5 -1.5
241 1304 3.5 1.5
242 1306 1.5 -1.5
243 1308 2 0.25
244 1310 2 0
245 1313 3.5 1.25
246 1315 1.5 -1.5
247 1317 2 0.25
248 1319 2 0
249 1322 3.5 1.25
250 1324 1.5 -1.5
251 1326 2 0.25
252 1328 2 0
253 1331 3.5 1.25
254 1333 1.5 -1.5
255 1335 2 0.25
256 1337 2 0
257 1339 2 0
258 1339 -1 -2.5
259 1341 3 3
260 1343 2 -0.5
261 1345 2 0
262 1347 2 0
263 1350 3.5 1.25
264 1352 1.5 -1.5
265 1354 2 0.25
266 1357 3.5 1.25
267 1359 1.5 -1.5
268 1361 2 0.25
269 1363 2 0
270 1365 2 0
271 1368 3.5 1.25
272 1370 1.5 -1.5
273 1372 2 0.25
274 1374 2 0
275 1376 2 0
276 1378 2 0
277 1380 2 0
278 1383 3.5 1.25
279 1385 1.5 -1.5
280 1387 2 0.25
281 1390 3.5 1.25
282 1392 1.5 -1.5
283 1394 2 0.25
284 1396 2 0
285 1398 2 0
286 1401 3.5 1.25
287 1403 1.5 -1.5
288 1405 2 0.25
289 1407 2 0
290 1409 2 0
291 1412 3.5 1.25
292 1414 1.5 -1.5
293 1416 2 0.25
294 1418 2 0
295 1421 3.5 1.25
296 1423 1.5 -1.5
297 1425 2 0.25
298 1427 2 0
299 1430 3.5 1.25
300 1432 1.5 -1.5
301 1435 3.5 1.5
302 1437 1.5 -1.5
303 1440 3.5 1.5
304 1442 1.5 -1.5
305 1445 3.5 1.5
306 1448 3 -0.25
307 1450 1.5 -1.25
308 1453 3.5 1.5
309 1455 1.5 -1.5
310 1458 3.5 1.5
311 1461 3 -0.25
312 1463 1.5 -1.25
313 1466 3.5 1.5
314 1468 1.5 -1.5
315 1471 3.5 1.5
316 1473 1.5 -1.5
317 1476 3.5 1.5
318 1478 1.5 -1.5
319 1481 3.5 1.5
320 1484 3 -0.25
321 1486 1.5 -1.25
322 1489 3.5 1.5
323 1491 1.5 -1.5
324 1494 3.5 1.5
325 1497 3 -0.25
326 1500 3 0
327 1502 1.5 -1.25
328 1505 3.5 1.5
329 1508 3 -0.25
330 1510 1.5 -1.25
331 1513 3.5 1.5
332 1516 3 -0.25
333 1519 3 0
334 1522 3 0
335 1525 3 0
336 1528 3 0
337 1531 3 0
338 1534 3 0
339 1536 1.5 -1.25
340 1539 3.5 1.5
341 1542 3 -0.25
342 1544 1.5 -1.25
343 1547 3.5 1.5
344 1550 3 -0.25
345 1552 1.5 -1.25
346 1555 3.5 1.5
347 1558 3 -0.25
348 1560 1.5 -1.25
349 1563 3.5 1.5
350 1566 3 -0.25
351 1568 1.5 -1.25
352 1571 3.5 1.5
353 1574 3 -0.25
354 1577 3 0
355 1580 3 0
356 1584 4.5 1.25
357 1587 2.5 -1.5
358 1590 3 0.25
359 1593 3 0
360 1596 3 0
361 1599 3 0
362 1601 1.5 -1.25
363 1604 3.5 1.5
364 1607 3 -0.25
365 1609 1.5 -1.25
366 1612 3.5 1.5
367 1615 3 -0.25
368 1617 1.5 -1.25
369 1620 3.5 1.5
370 1623 3 -0.25
371 1625 1.5 -1.25
372 1625 -1 -2.25
373 1628 4.5 4.25
374 1631 3 -0.75
375 1634 3 0
376 1637 3 0
377 1639 1.5 -1.25
378 1642 3.5 1.5
379 1644 1.5 -1.5
380 1647 3.5 1.5
381 1649 1.5 -1.5
382 1652 3.5 1.5
383 1655 3 -0.25
