Time[s] CO2_smooth[ppm] dCO2_dt[ppm/s] d2CO2_dt2[ppm/s^2]
0 449 nan nan
1 400 nan nan
2 400 24.5 49
3 400 0 -12.25
4 400 0 0
5 400 0 0
6 402 3 2.5
7 408 8 4.5
8 419 13.5 5.25
9 430 11 -1.25
10 438 6.5 -3.75
11 443 3.5 -3
12 445 0.5 -3
13 446 0.5 -0.5
14 446 -0.5 -1
15 446 0 0.25
16 446 0 0
17 447 1.5 1.25
18 447 -0.5 -1.5
19 448 1.5 1.5
20 451 4 2.25
21 458 9 4.5
22 468 11.5 2.75
23 475 5.5 -4.5
24 479 2.5 -3
25 479 -2 -4.25
26 480 1.5 2.25
27 480 -0.5 -1.5
28 480 0 0.25
29 481 1.5 1.25
30 482 1 -0.25
31 485 4 2.5
32 492 9 4.5
33 501 10 1.5
34 503 -1.5 -9.25
35 503 -1 -0.75
36 504 1.5 1.75
37 505 1 -0.25
38 505 -0.5 -1.25
39 505 0 0.25
40 505 0 0
41 506 1.5 1.25
42 506 -0.5 -1.5
43 506 0 0.25
44 507 1.5 1.25
45 507 -0.5 -1.5
46 508 1.5 1.5
47 508 -0.5 -1.5
48 509 1.5 1.5
49 510 1 -0.25
50 510 -0.5 -1.25
51 511 1.5 1.5
52 512 1 -0.25
53 512 -0.5 -1.25
54 513 1.5 1.5
55 514 1 -0.25
56 515 1 0
57 515 -0.5 -1.25
58 516 1.5 1.5
59 517 1 -0.25
60 518 1 0
61 518 -0.5 -1.25
62 519 1.5 1.5
63 522 4 2.25
64 526 4.5 0.75
65 531 5.5 1
66 535 3.5 -1.5
67 537 1 -2.25
68 537 -1 -2
69 537 0 0.5
70 537 0 0
71 538 1.5 1.25
72 538 -0.5 -1.5
73 538 0 0.25
74 539 1.5 1.25
75 539 -0.5 -1.5
76 539 0 0.25
77 540 1.5 1.25
78 540 -0.5 -1.5
79 541 1.5 1.5
80 541 -0.5 -1.5
81 542 1.5 1.5
82 542 -0.5 -1.5
83 543 1.5 1.5
84 544 1 -0.25
85 544 -0.5 -1.25
86 545 1.5 1.5
87 545 -0.5 -1.5
88 546 1.5 1.5
89 546 -0.5 -1.5
90 547 1.5 1.5
91 547 -0.5 -1.5
92 548 1.5 1.5
93 548 -0.5 -1.5
94 549 1.5 1.5
95 550 1 -0.25
96 550 -0.5 -1.25
97 551 1.5 1.5
98 552 1 -0.25
99 552 -0.5 -1.25
100 553 1.5 1.5
101 553 -0.5 -1.5
102 554 1.5 1.5
103 555 1 -0.25
104 555 -0.5 -1.25
105 556 1.5 1.5
106 557 1 -0.25
107 557 -0.5 -1.25
108 558 1.5 1.5
109 559 1 -0.25
110 559 -0.5 -1.25
111 560 1.5 1.5
112 561 1 -0.25
113 561 -0.5 -1.25
114 562 1.5 1.5
115 563 1 -0.25
116 563 -0.5 -1.25
117 564 1.5 1.5
118 565 1 -0.25
119 565 -0.5 -1.25
120 566 1.5 1.5
121 567 1 -0.25
122 567 -0.5 -1.25
123 568 1.5 1.5
124 569 1 -0.25
125 569 -0.5 -1.25
126 570 1.5 1.5
127 571 1 -0.25
128 571 -0.5 -1.25
129 572 1.5 1.5
130 573 1 -0.25
131 573 -0.5 -1.25
132 574 1.5 1.5
133 574 -0.5 -1.5
134 575 1.5 1.5
135 576 1 -0.25
136 576 -0.5 -1.25
137 577 1.5 1.5
138 578 1 -0.25
139 578 -0.5 -1.25
140 579 1.5 1.5
141 580 1 -0.25
142 580 -0.5 -1.25
143 581 1.5 1.5
144 582 1 -0.25
145 582 -0.5 -1.25
146 583 1.5 1.5
147 584 1 -0.25
148 584 -0.5 -1.25
149 585 1.5 1.5
150 586 1 -0.25
151 586 -0.5 -1.25
152 587 1.5 1.5
153 588 1 -0.25
154 588 -0.5 -1.25
155 589 1.5 1.5
156 590 1 -0.25
157 590 -0.5 -1.25
158 591 1.5 1.5
159 591 -0.5 -1.5
160 592 1.5 1.5
161 592 -0.5 -1.5
162 593 1.5 1.5
163 593 -0.5 -1.5
164 594 1.5 1.5
165 595 1 -0.25
166 595 -0.5 -1.25
167 596 1.5 1.5
168 597 1 -0.25
169 597 -0.5 -1.25
170 598 1.5 1.5
171 599 1 -0.25
172 599 -0.5 -1.25
173 600 1.5 1.5
174 600 -0.5 -1.5
175 604 6 5.25
176 608 4 -1
177 612 4 0
178 616 4 0
179 620 4 0
180 624 4 0
181 628 4 0
182 632 4 0
183 636 4 0
184 640 4 0
185 644 4 0
186 648 4 0
187 652 4 0
188 654 1 -2.5
189 658 5 3
190 662 4 -0.5
191 666 4 0
192 670 4 0
193 674 4 0
194 678 4 0
195 682 4 0
196 684 1 -2.5
197 688 5 3
198 692 4 -0.5
199 696 4 0
200 700 4 0
201 704 4 0
202 708 4 0
203 712 4 0
204 716 4 0
205 720 4 0
206 722 1 -2.5
207 726 5 3
208 730 4 -0.5
209 734 4 0
210 738 4 0
211 742 4 0
212 746 4 0
213 750 4 0
214 754 4 0
215 760 7 2.5
216 764 3 -3
217 768 4 0.5
218 772 4 0
219 776 4 0
220 780 4 0
221 786 7 2.5
222 790 3 -3
223 794 4 0.5
224 798 4 0
225 802 4 0
226 806 4 0
227 790 -26 -25
228 776 -13 7.5
229 762 -14 -0.5
230 766 13 22.5
231 770 4 -4.5
232 776 7 2.5
233 780 3 -3
234 786 7 3
235 790 3 -3
236 794 4 0.5
237 798 4 0
238 802 4 0
239 806 4 0
240 810 4 0
241 814 4 0
242 818 4 0
243 822 4 0
244 826 4 0
245 832 7 2.5
246 836 3 -3
247 840 4 0.5
248 844 4 0
249 848 4 0
250 852 4 0
251 858 7 2.5
252 862 3 -3
253 866 4 0.5
254 870 4 0
255 874 4 0
256 880 7 2.5
257 884 3 -3
258 888 4 0.5
259 892 4 0
260 896 4 0
261 900 4 0
262 904 4 0
263 910 7 2.5
264 914 3 -3
265 918 4 0.5
266 922 4 0
267 928 7 2.5
268 932 3 -3
269 938 7 3
270 942 3 -3
271 948 7 3
272 952 3 -3
273 958 7 3
274 962 3 -3
275 966 4 0.5
276 972 7 2.5
277 978 6 -0.5
278 982 3 -2.5
279 988 7 3
280 992 3 -3
281 998 7 3
282 1001 1.5 -4.25
283 1003 1.5 -0.5
284 1003 -1 -2.25
285 1006 4.5 4.25
286 1008 1.5 -2
287 1011 3.5 1.5
288 1013 1.5 -1.5
289 1016 3.5 1.5
290 1018 1.5 -1.5
291 1021 3.5 1.5
292 1024 3 -0.25
293 1026 1.5 -1.25
294 1029 3.5 1.5
295 1038 12 7.25
296 1053 18 6
297 1074 24 6
298 1091 15 -6.5
299 1102 8 -6.5
300 1108 3.5 -4.75
301 1113 4.5 0
302 1118 5 0.25
303 1124 6.5 1.25
304 1131 7.5 1
305 1138 7 -0.25
306 1146 8.5 1.25
307 1154 8 -0.25
308 1163 9.5 1.25
309 1172 9 -0.25
310 1182 10.5 1.25
311 1193 11.5 1
312 1205 12.5 1
313 1217 12 -0.25
314 1229 12 0
315 1241 12 0
316 1253 12 0
317 1266 13.5 1.25
318 1280 14.5 1
319 1294 14 -0.25
320 1308 14 0
321 1322 14 0
322 1336 14 0
323 1349 12.5 -1.25
324 1362 13 0.25
325 1376 14.5 1.25
326 1390 14 -0.25
327 1405 15.5 1.25
328 1420 15 -0.25
329 1433 12 -2.5
330 1447 14.5 1.75
331 1460 12.5 -1.5
332 1473 13 0.25
333 1487 14.5 1.25
334 1501 14 -0.25
335 1515 14 0
336 1528 12.5 -1.25
337 1542 14.5 1.5
338 1556 14 -0.25
339 1570 14 0
340 1584 14 0
341 1597 12.5 -1.25
342 1611 14.5 1.5
343 1623 11 -2.75
344 1636 13.5 1.75
345 1649 13 -0.25
346 1662 13 0
347 1674 11.5 -1.25
348 1686 12 0.25
349 1696 9 -2.5
350 1707 11.5 1.75
351 1717 9.5 -1.5
352 1728 11.5 1.5
353 1739 11 -0.25
354 1751 12.5 1.25
355 1763 12 -0.25
356 1775 12 0
357 1787 12 0
358 1798 10.5 -1.25
359 1810 12.5 1.5
360 1820 9 -2.75
361 1831 11.5 1.75
362 1841 9.5 -1.5
363 1851 10 0.25
364 1862 11.5 1.25
365 1871 8 -2.75
366 1881 10.5 1.75
367 1890 8.5 -1.5
368 1900 10.5 1.5
369 1909 8.5 -1.5
370 1918 9 0.25
371 1928 10.5 1.25
372 1938 10 -0.25
373 1947 8.5 -1.25
374 1956 9 0.25
375 1964 7.5 -1.25
376 1972 8 0.25
377 1980 8 0
378 1988 8 0
379 1996 8 0
380 2005 9.5 1.25
381 2016 12 2.25
382 2027 11 -0.5
383 2039 12.5 1.25
384 2050 10.5 -1.5
385 2061 11 0.25
386 2072 11 0
387 2082 9.5 -1.25
388 2092 10 0.25
389 2101 8.5 -1.25
390 2110 9 0.25
391 2118 7.5 -1.25
392 2126 8 0.25
393 2135 9.5 1.25
394 2145 10.5 1
395 2154 8.5 -1.5
396 2161 6 -2.25
397 2165 2.5 -3.25
398 2171 7 3.25
399 2180 10.5 3.25
400 2195 18 6.75
401 2210 15 -1.5
402 2223 12 -2.5
403 2233 8.5 -3.25
404 2233 -5 -11.75
405 2242 13.5 13.75
406 2252 10.5 -1
407 2263 11.5 1
408 2272 8 -2.75
409 2282 10.5 1.75
410 2292 10 -0.25
411 2302 10 0
412 2313 11.5 1.25
413 2324 11 -0.25
414 2336 12.5 1.25
415 2348 12 -0.25
416 2359 10.5 -1.25
417 2371 12.5 1.5
418 2381 9 -2.75
419 2392 11.5 1.75
420 2403 11 -0.25
421 2415 12.5 1.25
422 2427 12 -0.25
423 2439 12 0
424 2452 13.5 1.25
425 2463 10 -2.75
426 2475 12.5 1.75
427 2485 9 -2.75
428 2495 10 0.5
429 2504 8.5 -1.25
430 2514 10.5 1.5
431 2524 10 -0.25
432 2535 11.5 1.25
433 2544 8 -2.75
434 2554 10.5 1.75
435 2564 10 -0.25
436 2575 11.5 1.25
437 2586 11 -0.25
438 2597 11 0
439 2608 11 0
440 2619 11 0
441 2630 11 0
442 2641 11 0
443 2651 9.5 -1.25
444 2661 10 0.25
445 2670 8.5 -1.25
446 2679 9 0.25
447 2689 10.5 1.25
448 2700 11.5 1
449 2710 9.5 -1.5
450 2721 11.5 1.5
451 2732 11 -0.25
452 2743 11 0
453 2754 11 0
