47 1534 10 -2.5 0
48 1546 12.5 1.75 0
49 1557 10.5 -1.5 0
50 1568 11 0.25 0
51 1580 12.5 1.25 0
52 1592 12 -0.25 0
53 1604 12 0 0
54 1617 13.5 1.25 0
55 1628 10 -2.75 0
56 1639 11 0.5 0
57 1649 9.5 -1.25 0
58 1660 11.5 1.5 0
59 1672 12.5 1 0
60 1683 10.5 -1.5 0
61 1693 9.5 -1 0
62 1702 8.5 -1 0
63 1710 7.5 -1 0
64 1718 8 0.25 0
65 1728 11 2.5 0
66 1737 8.5 -1.75 0
67 1747 10.5 1.5 0
68 1757 10 -0.25 0
69 1766 8.5 -1.25 0
70 1775 9 0.25 0
71 1784 9 0 0
72 1793 9 0 0
73 1802 9 0 0
74 1812 10.5 1.25 0
75 1822 10 -0.25 0
76 1832 10 0 0
77 1841 8.5 -1.25 0
78 1851 10.5 1.5 0
79 1860 8.5 -1.5 0
80 1869 9 0.25 0
81 1879 10.5 1.25 0
82 1889 10 -0.25 0
83 1899 10 0 0
84 1910 11.5 1.25 0
85 1920 9.5 -1.5 0
86 1930 10 0.25 0
87 1940 10 0 0
88 1949 8.5 -1.25 0
89 1957 7.5 -1 0
90 1966 9.5 1.5 0
91 1974 7.5 -1.5 0
92 1983 9.5 1.5 0
93 1992 9 -0.25 0
94 2002 10.5 1.25 0
95 2014 13 2.25 0
96 2026 12 -0.5 0
97 2038 12 0 0
98 2050 12 0 0
99 2061 10.5 -1.25 0
100 2072 11 0.25 0
101 2084 12.5 1.25 0
102 2097 13.5 1 0
103 2110 13 -0.25 0
104 2123 13 0 0
105 2137 14.5 1.25 0
106 2150 12.5 -1.5 0
107 2163 13 0.25 0
108 2177 14.5 1.25 0
109 2191 14 -0.25 0
110 2203 11 -2.5 0
111 2215 12 0.5 0
112 2228 13.5 1.25 0
113 2241 13 -0.25 0
114 2254 13 0 0
115 2267 13 0 0
116 2280 13 0 0
117 2292 11.5 -1.25 0
118 2305 13.5 1.5 0
119 2318 13 -0.25 0
120 2332 14.5 1.25 0
121 2347 15.5 1 0
122 2362 15 -0.25 0
123 2376 13.5 -1.25 0
124 2391 15.5 1.5 0
125 2405 13.5 -1.5 0
126 2420 15.5 1.5 0
127 2434 13.5 -1.5 0
128 2449 15.5 1.5 0
129 2463 13.5 -1.5 0
130 2477 14 0.25 0
131 2492 15.5 1.25 0
132 2506 13.5 -1.5 0
133 2521 15.5 1.5 0
134 2535 13.5 -1.5 0
135 2549 14 0.25 0
136 2563 14 0 0
137 2577 14 0 0
138 2591 14 0 0
139 2606 15.5 1.25 0
140 2606 -7.5 -19 0
141 2621 22.5 22.5 0
142 2636 15 -3.75 0
143 2652 16.5 1.25 0
144 2669 17.5 1 0
145 2685 15.5 -1.5 0
146 2699 13 -2.25 0
147 2713 14 0.5 0
148 2726 12.5 -1.25 0
149 2741 16 2.75 0
150 2758 18 2 0
151 2775 17 -0.5 0
152 2791 15.5 -1.25 0
153 2805 13 -2.25 0
154 2818 12.5 -0.75 0
155 2831 13 0.25 0
156 2844 13 0 0
157 2857 13 0 0
158 2870 13 0 0
159 2885 16 2.5 0
160 2901 16.5 0.75 0
161 2916 14.5 -1.5 0
162 2932 16.5 1.5 0
163 2947 14.5 -1.5 0
164 2962 15 0.25 0
165 2977 15 0 0
166 2991 13.5 -1.25 0
167 3004 12.5 -1 0
168 3017 13 0.25 0
169 3031 14.5 1.25 0
170 3045 14 -0.25 0
171 3059 14 0 0
172 3073 14 0 0
173 3087 14 0 0
174 3101 14 0 0
175 3114 12.5 -1.25 0
176 3128 14.5 1.5 0
177 3140 11 -2.75 0
178 3153 13.5 1.75 0
179 3166 13 -0.25 0
180 3180 14.5 1.25 0
181 3194 14 -0.25 0
182 3207 12.5 -1.25 0
183 3219 11.5 -1 0
184 3231 12 0.25 0
185 3244 13.5 1.25 0
186 3257 13 -0.25 0
187 3270 13 0 0
188 3282 11.5 -1.25 0
189 3294 12 0.25 0
190 3304 9 -2.5 0
191 3314 10 0.5 0
192 3325 11.5 1.25 0
193 3336 11 -0.25 0
194 3348 12.5 1.25 0
195 3359 10.5 -1.5 0
196 3370 11 0.25 0
197 3380 9.5 -1.25 0
198 3390 10 0.25 0
199 3400 10 0 0
200 3411 11.5 1.25 0
201 3421 9.5 -1.5 0
202 3431 10 0.25 0
203 3440 8.5 -1.25 0
204 3450 10.5 1.5 0
205 3460 10 -0.25 0
206 3470 10 0 0
207 3480 10 0 0
208 3487 5.5 -3.75 0
209 3493 5.5 -0.5 0
210 3500 7.5 1.5 0
211 3511 13 4.75 0
212 3521 9.5 -2.25 0
213 3531 10 0.25 0
214 3540 8.5 -1.25 0
215 3549 9 0.25 0
216 3558 9 0 0
217 3567 9 0 0
218 3576 9 0 0
219 3584 7.5 -1.25 0
220 3590 5 -2.25 0
221 3593 1.5 -3.25 0
222 3595 1.5 -0.5 0
223 3600 6.5 4 0
224 3611 14 6.75 0
225 3628 20 6 0
226 3643 14 -4 0
227 3655 10.5 -3.25 0
228 3661 3 -6.75 0
229 3664 1.5 -2.25 0
230 3665 0 -1.75 0
231 3666 1 0.5 0
232 3671 7 5 0
233 3680 11 4 0
234 3693 15 4 0
235 3702 7 -6 0
236 3707 3 -4 0
237 3708 -1 -4 0
238 3710 2.5 2.25 0
239 3716 8 4.75 0
240 3728 15 6.5 0
241 3745 19.5 4.75 0
242 3761 15.5 -2.5 0
243 3773 10 -4.75 0
244 3779 3 -6.5 0
245 3783 3 -1 0
246 3785 1 -2 0
247 3785 -1 -2 0
248 3789 6 5.5 0
249 3797 10 4 0
250 3808 12.5 2.75 0
251 3816 6.5 -4.5 0
252 3821 3.5 -3 0
253 3826 5 0.75 0
254 3834 9.5 3.75 0
255 3845 12.5 3 0
256 3854 8 -3.25 0
257 3858 1.5 -5.75 0
258 3860 1 -1.25 0
259 3862 2 0.5 0
260 3864 2 0 0
261 3870 8 5 0
262 3882 15 6.5 0
263 3897 16.5 2.25 0
264 3908 9 -5.75 0
265 3914 3.5 -5.25 0
266 3919 4.5 0 0
267 3929 12.5 6.5 0
268 3943 16 3.75 0
269 3954 9.5 -4.75 0
270 3960 3.5 -5.5 0
271 3962 0 -3.75 0
272 3963 0.5 -0.25 0
273 3964 1 0.25 0
274 3965 1 0 0
275 3967 2.5 1.25 0
276 3974 9.5 6 0
277 3988 17.5 7.5 0
278 4008 23 5.75 0
279 4023 12.5 -7.75 0
280 4031 4.5 -7.5 0
281 4033 -1 -5.75 0
282 4034 0.5 0.25 0
283 4035 1 0.25 0
284 4037 2.5 1.25 0
285 4039 2 -0.25 0
286 4046 9.5 6.25 0
287 4058 14.5 5 0
288 4075 19.5 5 0
289 4086 8 -8.75 0
290 4093 5 -3.5 0
291 4094 -2 -6.5 0
292 4099 7 6.5 0
293 4109 12.5 5.25 0
294 4122 14.5 2.5 0
295 4132 8.5 -4.5 0
296 4137 2.5 -5.5 0
297 4138 -1 -3.75 0
298 4140 2.5 2.25 0
299 4142 2 -0.25 0
300 4144 2 0 0
301 4146 2 0 615
302 4149 3.5 1.25 615
303 4152 3 -0.25 614.5
304 4155 3 0 614.5
305 4165 13.5 8.75 614
306 4183 22 8.25 614
307 4209 30 8 613.5
308 4227 14 -12 613.5
309 4237 6 -8 613
310 4239 -2 -8 613
311 4240 0.5 0.75 612.5
312 4241 1 0.25 612.5
313 4243 2.5 1.25 612
314 4245 2 -0.25 612
315 4247 2 0 611.5
316 4249 2 0 611.5
317 4257 11 7.5 611
318 4271 17 6 611
319 4291 23 6 610.5
320 4304 9.5 -10.25 610.5
321 4311 4 -5.75 610
322 4312 -2 -6 610
323 4318 8.5 7.75 609.5
324 4328 12 3.75 609.5
325 4344 19 6.5 609
326 4357 11.5 -5.25 609
327 4366 7 -4.25 608.5
328 4369 0 -6.5 608.5
329 4371 1.5 0.25 608
330 4372 0.5 -1 608
331 4374 2.5 1.5 607.5
332 4376 2 -0.25 607.5
333 4378 2 0 607
334 4386 11 7.5 607
335 4400 17 6 606.5
336 4418 20 3.5 606.5
337 4431 10.5 -7.25 606
338 4438 4 -6.25 606
339 4443 4 -1 605.5
340 4453 12.5 6.75 605.5
341 4467 16 3.75 605
342 4478 9.5 -4.75 605
343 4484 3.5 -5.5 604.5
344 4486 0 -3.75 604.5
345 4487 0.5 -0.25 604
346 4489 2.5 1.5 604
347 4491 2 -0.25 603.5
348 4493 2 0 603.5
349 4495 2 0 603
350 4498 3.5 1.25 603
351 4501 3 -0.25 602.5
352 4504 3 0 602.5
353 4507 3 0 602
354 4507 -1.5 -3.75 602
355 4510 4.5 4.5 601.5
356 4513 3 -0.75 601.5
357 4517 4.5 1.25 601
358 4521 4 -0.25 601
359 4534 17.5 11.25 600.5
360 4557 28 10.25 600.5
361 4590 38 10 600
362 4615 21 -12.5 600
363 4630 10 -10.5 599.5
364 4634 -1.5 -11.25 599.5
365 4636 1 0.25 599
366 4637 0.5 -0.75 599
367 4639 2.5 1.5 598.5
368 4641 2 -0.25 598.5
369 4643 2 0 598
370 4645 2 0 598
371 4648 3.5 1.25 597.5
372 4657 12 7.25 597.5
373 4674 21 8.5 597
374 4699 29 8 597
375 4718 16 -9.5 596.5
376 4732 11.5 -4.75 596.5
377 4738 2 -8.75 596
378 4741 1.5 -1.75 596
379 4743 1.5 -0.5 595.5
380 4744 0.5 -1 595.5
381 4746 2.5 1.5 595
382 4748 2 -0.25 595
383 4755 9.5 6.25 594.5
384 4769 17.5 7.5 594.5
385 4790 24.5 7 594
386 4806 13.5 -8 594
387 4817 8.5 -5 593.5
388 4820 -1 -8.75 593.5
389 4825 6 4.5 593
390 4832 8 2 593
391 4842 11.5 3.25 592.5
392 4849 5.5 -4.5 592.5
393 4853 2.5 -3 592
394 4854 -0.5 -3 592
395 4860 8.5 7 591.5
396 4872 15 6.25 591.5
397 4889 19.5 4.75 591
398 4904 14 -3.75 591
399 4914 7.5 -5.75 590.5
400 4920 4 -3.75 590.5
401 4928 9 3.5 590
402 4939 12.5 3.25 590
403 4949 9.5 -2 589.5
404 4957 7 -2.25 589.5
405 4961 2 -4.5 589
406 4963 1 -1.5 589
407 4968 6.5 4.25 588.5
408 4977 11 4.25 588.5
409 4993 19.5 7.75 588
410 5009 16 -1.75 588
411 5024 14.5 -1.25 587.5
412 5037 12 -2.25 587.5
413 5049 11.5 -0.75 587
414 5062 13.5 1.5 587
415 5072 8.5 -4 586.5
416 5080 7 -1.75 586.5
417 5088 8 0.5 586
418 5097 9.5 1.25 586
419 5112 18 7.25 585.5
420 5128 16.5 -0.25 585.5
421 5144 16 -0.25 585
422 5159 14.5 -1.25 585
423 5173 13.5 -1 584.5
424 5189 17 2.75 584.5
425 5205 16 -0.5 584
426 5221 16 0 584
427 5238 17.5 1.25 583.5
428 5253 14 -2.75 583.5
429 5269 16.5 1.75 583
430 5285 16 -0.25 583
431 5302 17.5 1.25 582.5
432 5319 17 -0.25 582.5
433 5336 17 0 582
434 5353 17 0 582
435 5371 18.5 1.25 581.5
436 5388 16.5 -1.5 581.5
437 5405 17 0.25 581
438 5422 17 0 581
439 5438 15.5 -1.25 580.5
440 5455 17.5 1.5 580.5
441 5472 17 -0.25 580
442 5489 17 0 580
443 5506 17 0 579.5
444 5523 17 0 579.5
445 5540 17 0 579
446 5558 18.5 1.25 579
447 5576 18 -0.25 578.5
448 5594 18 0 578.5
449 5612 18 0 578
450 5630 18 0 578
451 5647 16.5 -1.25 577.5
452 5665 18.5 1.5 577.5
453 5683 18 -0.25 577
454 5702 19.5 1.25 577
455 5721 19 -0.25 576.5
456 5739 17.5 -1.25 576.5
457 5756 16.5 -1 576
458 5775 20 2.75 576
459 5794 19 -0.5 575.5
460 5815 22 2.5 575.5
461 5835 19.5 -1.75 575
462 5853 17 -2.25 575
463 5853 -9 -22 574.5
464 5869 24 24.5 574.5
465 5885 16 -4 574
466 5900 14.5 -1.25 574
467 5917 18 2.75 573.5
468 5934 17 -0.5 573.5
469 5952 18.5 1.25 573
470 5968 15 -2.75 573
471 5984 16 0.5 572.5
472 6000 16 0 572.5
473 6017 17.5 1.25 572
474 6036 20 2.25 572
475 6056 20.5 0.75 571.5
476 6079 24.5 3.5 571.5
477 6102 23 -0.75 571
478 6123 20 -2.5 571
479 6141 16.5 -3.25 570.5
480 6159 18 0.75 570.5
481 6177 18 0 570
482 6195 18 0 570
483 6211 15 -2.5 569.5
484 6222 8.5 -5.75 569.5
485 6228 3.5 -5 569
486 6237 10.5 5 569
487 6251 16.5 5.5 568.5
488 6273 26 8.75 568.5
489 6295 22 -2 568
490 6314 17.5 -3.75 568
491 6330 14.5 -3 567.5
492 6346 16 0.75 567.5
493 6362 16 0 567
494 6378 16 0 567
495 6393 14.5 -1.25 566.5
496 6409 16.5 1.5 566.5
497 6424 14.5 -1.5 566
498 6440 16.5 1.5 566
499 6455 14.5 -1.5 565.5
500 6470 15 0.25 565.5
501 6486 16.5 1.25 565
502 6503 17.5 1 565
503 6520 17 -0.25 564.5
504 6536 15.5 -1.25 564.5
505 6548 10 -4.75 564
506 6555 4.5 -5.25 564
507 6564 10 3.75 563.5
508 6577 15 4.5 563.5
509 6598 25 9 563
510 6619 21 -2 563
511 6638 18 -2.5 562.5
512 6653 13 -4.5 562.5
513 6668 15 1 562
514 6682 13.5 -1.25 562
515 6696 14 0.25 561.5
516 6710 14 0 561.5
517 6726 17 2.5 561
518 6743 17.5 0.75 561
519 6759 15.5 -1.5 560.5
520 6775 16 0.25 560.5
521 6790 14.5 -1.25 560
522 6805 15 0.25 560
523 6820 15 0 559.5
524 6834 13.5 -1.25 559.5
525 6849 15.5 1.5 559
526 6864 15 -0.25 559
527 6879 15 0 558.5
528 6893 13.5 -1.25 558.5
529 6908 15.5 1.5 558
530 6922 13.5 -1.5 558
531 6937 15.5 1.5 557.5
532 6953 16.5 1 557.5
533 6969 16 -0.25 557
534 6986 17.5 1.25 557
535 7004 18.5 1 556.5
536 7022 18 -0.25 556.5
537 7039 16.5 -1.25 556
538 7055 15.5 -1 556
539 7072 17.5 1.5 555.5
540 7086 12.5 -4 555.5
541 7096 8 -4.25 555
542 7106 10 1 555
543 7120 16 5 554.5
544 7139 21.5 5.25 554.5
545 7160 22 1.25 554
546 7178 16.5 -4.25 554
547 7194 15 -1.75 553.5
548 7210 16 0.5 553.5
549 7226 16 0 553
550 7241 14.5 -1.25 553
551 7255 13.5 -1 552.5
552 7265 8 -4.75 552.5
553 7274 8.5 -0.25 552
554 7287 15 5.25 552
555 7307 23.5 7.75 551.5
556 7328 21.5 -0.5 551.5
557 7349 21 -0.25 551
558 7365 13.5 -6.25 551
559 7379 13 -1.25 550.5
560 7393 14 0.5 550.5
561 7407 14 0 550
562 7422 15.5 1.25 550
563 7438 16.5 1 549.5
564 7453 14.5 -1.5 549.5
565 7469 16.5 1.5 549
566 7484 14.5 -1.5 549
567 7499 15 0.25 548.5
568 7515 16.5 1.25 548.5
569 7531 16 -0.25 548
570 7548 17.5 1.25 548
571 7548 -8.5 -21.5 547.5
572 7567 28.5 28 547.5
573 7587 20.5 -3.5 547
574 7606 18.5 -1.5 547
575 7622 14.5 -3.5 546.5
576 7637 14.5 -0.5 546.5
577 7651 13.5 -1 546
578 7665 14 0.25 546
579 7679 14 0 545.5
580 7694 15.5 1.25 545.5
581 7709 15 -0.25 545
582 7724 15 0 545
583 7738 13.5 -1.25 544.5
584 7753 15.5 1.5 544.5
585 7767 13.5 -1.5 544
586 7781 14 0.25 544
587 7795 14 0 543.5
588 7809 14 0 543.5
589 7824 15.5 1.25 543
590 7840 16.5 1 543
591 7858 19 2.25 542.5
592 7876 18 -0.5 542.5
593 7894 18 0 542
594 7911 16.5 -1.25 542
595 7924 11 -4.75 541.5
596 7934 8.5 -2.75 541.5
597 7944 10 0.75 541
598 7957 14.5 3.75 541
599 7976 22 6.75 540.5
600 7997 22 1 540.5
601 8018 21 -0.5 540
602 8037 18 -2.5 540
603 8052 13 -4.5 539.5
604 8064 10.5 -2.75 539.5
605 8070 3 -6.75 539
606 8074 3 -1 539
607 8076 1 -2 538.5
608 8087 15.5 11.75 538.5
609 8108 26 10.25 538
610 8140 37.5 11.25 538
611 8171 30.5 -4 537.5
612 8198 25 -4.75 537.5
613 8218 16.5 -7.75 537
614 8236 17 -0.75 537
615 8253 16.5 -0.75 536.5
616 8269 15.5 -1 536.5
617 8286 17.5 1.5 536
618 8303 17 -0.25 536
619 8320 17 0 535.5
620 8338 18.5 1.25 535.5
621 8356 18 -0.25 535
622 8375 19.5 1.25 535
623 8394 19 -0.25 534.5
624 8412 17.5 -1.25 534.5
625 8428 15 -2.25 534
626 8445 17.5 1.75 534
627 8463 18.5 1 533.5
628 8480 16.5 -1.5 533.5
629 8498 18.5 1.5 533
630 8515 16.5 -1.5 533
631 8533 18.5 1.5 532.5
632 8552 19.5 1 532.5
633 8571 19 -0.25 532
634 8589 17.5 -1.25 532
635 8607 18 0.25 531.5
636 8624 16.5 -1.25 531.5
637 8642 18.5 1.5 531
638 8660 18 -0.25 531
639 8678 18 0 530.5
640 8695 16.5 -1.25 530.5
641 8713 18.5 1.5 530
642 8730 16.5 -1.5 530
643 8748 18.5 1.5 529.5
644 8764 15 -2.75 529.5
645 8777 11.5 -3.25 529
646 8789 11.5 -0.5 529
647 8805 18 5.25 528.5
648 8829 28 9 528.5
649 8852 22.5 -3.25 528
650 8873 20 -2.25 528
651 8891 16.5 -3.25 527.5
652 8909 18 0.75 527.5
653 8928 19.5 1.25 527
654 8948 20.5 1 527
655 8969 21.5 1 526.5
656 8989 19.5 -1.5 526.5
657 9009 20 0.25 526
658 9028 18.5 -1.25 526
659 9046 17.5 -1 525.5
660 9064 18 0.25 525.5
661 9084 21 2.5 525
662 9104 20 -0.5 525
663 9124 20 0 524.5
664 9145 21.5 1.25 524.5
665 9165 19.5 -1.5 524
666 9184 18.5 -1 524
667 9200 14.5 -3.5 523.5
668 9211 8.5 -5.5 523.5
669 9222 11 1.25 523
670 9237 17 5 523
671 9259 25.5 7.75 522.5
672 9282 23.5 -0.5 522.5
673 9304 21.5 -1.5 522
674 9323 17.5 -3.5 522
675 9342 19 0.75 521.5
676 9362 20.5 1.25 521.5
677 9381 18.5 -1.5 521
678 9399 17.5 -1 521
679 9417 18 0.25 520.5
680 9417 -9 -22.5 520.5
681 9436 28.5 28.25 520
682 9456 20.5 -3.5 520
683 9476 20 -0.25 519.5
684 9495 18.5 -1.25 519.5
