Time[s] CO2_smooth[ppm] dCO2_dt[ppm/s] d2CO2_dt2[ppm/s^2]
0 577 nan nan
1 577 nan nan
2 577 0 0
3 577 0 0
4 577 0 0
5 577 0 0
6 578 1.5 1.25
7 578 -0.5 -1.5
8 578 0 0.25
9 579 1.5 1.25
10 579 -0.5 -1.5
11 579 0 0.25
12 580 1.5 1.25
13 580 -0.5 -1.5
14 581 1.5 1.5
15 581 -0.5 -1.5
16 581 0 0.25
17 582 1.5 1.25
18 582 -0.5 -1.5
19 583 1.5 1.5
20 583 -0.5 -1.5
21 584 1.5 1.5
22 584 -0.5 -1.5
23 585 1.5 1.5
24 585 -0.5 -1.5
25 586 1.5 1.5
26 586 -0.5 -1.5
27 587 1.5 1.5
28 587 -0.5 -1.5
29 588 1.5 1.5
30 588 -0.5 -1.5
31 589 1.5 1.5
32 589 -0.5 -1.5
33 590 1.5 1.5
34 590 -0.5 -1.5
35 591 1.5 1.5
36 591 -0.5 -1.5
37 592 1.5 1.5
38 593 1 -0.25
39 593 -0.5 -1.25
40 594 1.5 1.5
41 594 -0.5 -1.5
42 595 1.5 1.5
43 595 -0.5 -1.5
44 596 1.5 1.5
45 596 -0.5 -1.5
46 597 1.5 1.5
47 598 1 -0.25
48 598 -0.5 -1.25
49 599 1.5 1.5
50 599 -0.5 -1.5
51 600 1.5 1.5
52 600 -0.5 -1.5
53 604 6 5.25
54 608 4 -1
55 610 1 -2.5
56 614 5 3
57 616 1 -3
58 620 5 3
59 624 4 -0.5
60 628 4 0
61 632 4 0
62 636 4 0
63 638 1 -2.5
64 642 5 3
65 646 4 -0.5
66 648 1 -2.5
67 652 5 3
68 656 4 -0.5
69 658 1 -2.5
70 662 5 3
71 664 1 -3
72 668 5 3
73 670 1 -3
74 674 5 3
75 676 1 -3
76 680 5 3
77 682 1 -3
78 686 5 3
79 688 1 -3
80 692 5 3
81 694 1 -3
82 698 5 3
83 700 1 -3
84 704 5 3
85 706 1 -3
86 710 5 3
87 712 1 -3
88 716 5 3
89 718 1 -3
90 720 2 0.5
91 724 5 2.5
92 726 1 -3
93 730 5 3
94 732 1 -3
95 736 5 3
96 738 1 -3
97 742 5 3
98 744 1 -3
99 746 2 0.5
100 750 5 2.5
101 752 1 -3
102 754 2 0.5
103 758 5 2.5
104 760 1 -3
105 762 2 0.5
106 766 5 2.5
107 766 -2 -5.5
108 768 3 3.5
109 772 5 2
110 774 1 -3
111 778 5 3
112 780 1 -3
113 782 2 0.5
114 786 5 2.5
115 788 1 -3
116 790 2 0.5
117 794 5 2.5
118 796 1 -3
119 798 2 0.5
120 800 2 0
121 804 5 2.5
122 806 1 -3
123 808 2 0.5
124 810 2 0
125 812 2 0
126 814 2 0
127 816 2 0
128 818 2 0
129 820 2 0
130 822 2 0
131 824 2 0
132 826 2 0
133 828 2 0
134 830 2 0
135 832 2 0
136 834 2 0
137 836 2 0
138 840 5 2.5
139 842 1 -3
140 844 2 0.5
141 846 2 0
142 848 2 0
143 850 2 0
144 852 2 0
145 854 2 0
146 856 2 0
147 856 -1 -2.5
148 858 3 3
149 860 2 -0.5
150 862 2 0
151 864 2 0
152 866 2 0
153 868 2 0
154 870 2 0
155 872 2 0
156 874 2 0
157 876 2 0
158 878 2 0
159 880 2 0
160 882 2 0
161 884 2 0
162 884 -1 -2.5
163 886 3 3
164 888 2 -0.5
165 890 2 0
166 892 2 0
167 892 -1 -2.5
168 894 3 3
169 896 2 -0.5
170 898 2 0
171 898 -1 -2.5
172 900 3 3
173 900 -1 -3
174 902 3 3
175 904 2 -0.5
176 904 -1 -2.5
177 906 3 3
178 906 -1 -3
179 908 3 3
180 908 -1 -3
181 910 3 3
182 912 2 -0.5
183 914 2 0
184 916 2 0
185 918 2 0
186 920 2 0
187 920 -1 -2.5
188 922 3 3
189 924 2 -0.5
190 924 -1 -2.5
191 926 3 3
192 926 -1 -3
193 928 3 3
194 928 -1 -3
195 930 3 3
196 930 -1 -3
197 932 3 3
198 932 -1 -3
199 934 3 3
200 934 -1 -3
201 936 3 3
202 936 -1 -3
203 938 3 3
204 938 -1 -3
205 938 0 0.5
206 940 3 2.5
207 940 -1 -3
208 942 3 3
209 944 2 -0.5
210 944 -1 -2.5
211 946 3 3
212 948 2 -0.5
213 948 -1 -2.5
214 950 3 3
215 950 -1 -3
216 952 3 3
217 952 -1 -3
218 954 3 3
219 954 -1 -3
220 954 0 0.5
221 956 3 2.5
222 956 -1 -3
223 956 0 0.5
224 956 0 0
225 958 3 2.5
226 958 -1 -3
227 960 3 3
228 960 -1 -3
229 962 3 3
230 964 2 -0.5
231 964 -1 -2.5
232 966 3 3
233 966 -1 -3
234 968 3 3
235 968 -1 -3
236 970 3 3
237 970 -1 -3
238 970 0 0.5
239 972 3 2.5
240 972 -1 -3
241 972 0 0.5
242 972 0 0
243 972 0 0
244 974 3 2.5
245 974 -1 -3
246 974 0 0.5
247 974 0 0
248 974 0 0
249 976 3 2.5
250 976 -1 -3
251 978 3 3
252 978 -1 -3
253 980 3 3
254 980 -1 -3
255 982 3 3
256 982 -1 -3
257 982 0 0.5
258 984 3 2.5
259 984 -1 -3
260 986 3 3
261 986 -1 -3
262 986 0 0.5
263 988 3 2.5
264 988 -1 -3
265 988 0 0.5
266 990 3 2.5
267 990 -1 -3
268 990 0 0.5
269 992 3 2.5
270 992 -1 -3
271 992 0 0.5
272 992 0 0
273 994 3 2.5
274 994 -1 -3
275 994 0 0.5
276 996 3 2.5
277 996 -1 -3
278 996 0 0.5
279 996 0 0
280 996 0 0
281 998 3 2.5
282 998 -1 -3
283 998 0 0.5
284 1000 3 2.5
285 1000 -1 -3
286 1000 0 0.5
287 1000 0 0
288 1000 0 0
289 1000 0 0
290 1000 0 0
291 1000 0 0
292 1001 1.5 1.25
293 1001 -0.5 -1.5
294 1001 0 0.25
295 1002 1.5 1.25
296 1002 -0.5 -1.5
297 1002 0 0.25
298 1003 1.5 1.25
299 1003 -0.5 -1.5
300 1004 1.5 1.5
301 1004 -0.5 -1.5
302 1004 0 0.25
303 1005 1.5 1.25
304 1005 -0.5 -1.5
305 1005 0 0.25
306 1005 0 0
307 1005 0 0
308 1005 0 0
309 1006 1.5 1.25
310 1006 -0.5 -1.5
311 1006 0 0.25
312 1006 0 0
313 1006 0 0
314 1006 0 0
315 1006 0 0
316 1007 1.5 1.25
317 1007 -0.5 -1.5
318 1007 0 0.25
319 1007 0 0
320 1007 0 0
321 1008 1.5 1.25
322 1008 -0.5 -1.5
323 1008 0 0.25
324 1009 1.5 1.25
325 1009 -0.5 -1.5
326 1009 0 0.25
327 1009 0 0
328 1009 0 0
329 1010 1.5 1.25
330 1010 -0.5 -1.5
331 1010 0 0.25
332 1010 0 0
333 1010 0 0
334 1011 1.5 1.25
335 1011 -0.5 -1.5
336 1011 0 0.25
337 1012 1.5 1.25
338 1012 -0.5 -1.5
339 1012 0 0.25
340 1012 0 0
341 1012 0 0
342 1012 0 0
343 1013 1.5 1.25
344 1013 -0.5 -1.5
345 1013 0 0.25
346 1013 0 0
347 1013 0 0
348 1014 1.5 1.25
349 1014 -0.5 -1.5
350 1014 0 0.25
351 1015 1.5 1.25
352 1015 -0.5 -1.5
353 1015 0 0.25
354 1016 1.5 1.25
355 1016 -0.5 -1.5
356 1016 0 0.25
357 1017 1.5 1.25
358 1017 -0.5 -1.5
359 1017 0 0.25
360 1018 1.5 1.25
361 1018 -0.5 -1.5
362 1018 0 0.25
363 1019 1.5 1.25
364 1019 -0.5 -1.5
365 1020 1.5 1.5
366 1020 -0.5 -1.5
367 1020 0 0.25
368 1020 0 0
369 1021 1.5 1.25
370 1021 -0.5 -1.5
371 1021 0 0.25
372 1021 0 0
373 1021 0 0
374 1021 0 0
375 1021 0 0
376 1022 1.5 1.25
377 1022 -0.5 -1.5
378 1022 0 0.25
379 1023 1.5 1.25
380 1023 -0.5 -1.5
381 1023 0 0.25
382 1023 0 0
383 1024 1.5 1.25
384 1024 -0.5 -1.5
385 1024 0 0.25
386 1025 1.5 1.25
387 1025 -0.5 -1.5
388 1025 0 0.25
389 1026 1.5 1.25
390 1026 -0.5 -1.5
391 1027 1.5 1.5
392 1027 -0.5 -1.5
393 1027 0 0.25
394 1027 0 0
395 1028 1.5 1.25
396 1028 -0.5 -1.5
397 1028 0 0.25
398 1028 0 0
399 1029 1.5 1.25
400 1029 -0.5 -1.5
401 1029 0 0.25
402 1030 1.5 1.25
403 1030 -0.5 -1.5
404 1031 1.5 1.5
405 1031 -0.5 -1.5
406 1031 0 0.25
407 1032 1.5 1.25
408 1032 -0.5 -1.5
409 1033 1.5 1.5
410 1033 -0.5 -1.5
411 1033 0 0.25
412 1034 1.5 1.25
