187 506 0 0
188 506 0 0
189 506 0 0
190 506 0 0
191 506 0 0
192 506 0 0
193 506 0 0
194 506 0 0
195 507 1.5 1.25
196 507 -0.5 -1.5
197 507 0 0.25
198 507 0 0
199 507 0 0
200 507 0 0
201 507 0 0
202 507 0 0
203 508 1.5 1.25
204 508 -0.5 -1.5
205 508 0 0.25
206 508 0 0
207 508 0 0
208 508 0 0
209 508 0 0
210 508 0 0
211 508 0 0
212 508 0 0
213 508 0 0
214 508 0 0
215 508 0 0
216 508 0 0
217 509 1.5 1.25
218 509 -0.5 -1.5
219 509 0 0.25
220 509 0 0
221 509 0 0
222 509 0 0
223 509 0 0
224 509 0 0
225 510 1.5 1.25
226 510 -0.5 -1.5
227 510 0 0.25
228 510 0 0
229 510 0 0
230 510 0 0
231 510 0 0
232 511 1.5 1.25
233 511 -0.5 -1.5
234 511 0 0.25
235 511 0 0
236 511 0 0
237 511 0 0
238 512 1.5 1.25
239 512 -0.5 -1.5
240 512 0 0.25
241 512 0 0
242 512 0 0
243 512 0 0
244 512 0 0
245 512 0 0
246 512 0 0
247 512 0 0
248 512 0 0
249 513 1.5 1.25
250 513 -0.5 -1.5
251 513 0 0.25
252 513 0 0
253 513 0 0
254 513 0 0
255 513 0 0
256 514 1.5 1.25
257 514 -0.5 -1.5
258 514 0 0.25
259 514 0 0
260 514 0 0
261 514 0 0
262 514 0 0
263 515 1.5 1.25
264 515 -0.5 -1.5
265 515 0 0.25
266 515 0 0
267 515 0 0
268 515 0 0
269 515 0 0
270 515 0 0
271 515 0 0
272 515 0 0
273 515 0 0
274 515 0 0
275 515 0 0
276 515 0 0
277 516 1.5 1.25
278 516 -0.5 -1.5
279 516 0 0.25
280 516 0 0
281 516 0 0
282 516 0 0
283 516 0 0
284 516 0 0
285 516 0 0
286 516 0 0
287 517 1.5 1.25
288 517 -0.5 -1.5
289 517 0 0.25
290 517 0 0
291 517 0 0
292 517 0 0
293 517 0 0
294 517 0 0
295 517 0 0
296 518 1.5 1.25
297 518 -0.5 -1.5
298 518 0 0.25
299 518 0 0
300 518 0 0
301 518 0 0
302 518 0 0
303 518 0 0
304 518 0 0
305 519 1.5 1.25
306 519 -0.5 -1.5
307 519 0 0.25
308 519 0 0
309 519 0 0
310 519 0 0
311 519 0 0
312 520 1.5 1.25
313 520 -0.5 -1.5
314 520 0 0.25
315 520 0 0
316 520 0 0
317 520 0 0
318 520 0 0
319 520 0 0
320 520 0 0
321 520 0 0
322 521 1.5 1.25
323 521 -0.5 -1.5
324 521 0 0.25
325 521 0 0
326 521 0 0
327 521 0 0
328 521 0 0
329 522 1.5 1.25
330 522 -0.5 -1.5
331 522 0 0.25
332 522 0 0
333 522 0 0
334 522 0 0
335 522 0 0
336 522 0 0
337 522 0 0
338 523 1.5 1.25
339 523 -0.5 -1.5
340 523 0 0.25
341 523 0 0
342 523 0 0
343 523 0 0
344 523 0 0
345 523 0 0
346 523 0 0
347 523 0 0
348 523 0 0
349 523 0 0
350 524 1.5 1.25
351 524 -0.5 -1.5
352 524 0 0.25
353 524 0 0
354 524 0 0
355 524 0 0
356 524 0 0
357 525 1.5 1.25
358 525 -0.5 -1.5
359 525 0 0.25
360 525 0 0
361 525 0 0
362 525 0 0
363 526 1.5 1.25
364 526 -0.5 -1.5
365 526 0 0.25
366 526 0 0
367 526 0 0
368 526 0 0
369 527 1.5 1.25
370 527 -0.5 -1.5
371 527 0 0.25
372 527 0 0
373 527 0 0
374 527 0 0
375 527 0 0
376 527 0 0
377 527 0 0
378 527 0 0
379 527 0 0
380 527 0 0
381 527 0 0
382 528 1.5 1.25
383 528 -0.5 -1.5
384 528 0 0.25
385 528 0 0
386 528 0 0
387 528 0 0
388 528 0 0
389 528 0 0
390 529 1.5 1.25
391 529 -0.5 -1.5
392 529 0 0.25
393 529 0 0
394 529 0 0
395 530 1.5 1.25
396 530 -0.5 -1.5
397 530 0 0.25
398 530 0 0
399 530 0 0
400 530 0 0
401 530 0 0
402 530 0 0
403 531 1.5 1.25
404 531 -0.5 -1.5
405 531 0 0.25
406 531 0 0
407 531 0 0
408 532 1.5 1.25
409 532 -0.5 -1.5
410 532 0 0.25
411 532 0 0
412 532 0 0
413 532 0 0
414 532 0 0
415 533 1.5 1.25
416 533 -0.5 -1.5
417 533 0 0.25
418 533 0 0
419 533 0 0
420 533 0 0
421 533 0 0
422 533 0 0
423 534 1.5 1.25
424 534 -0.5 -1.5
425 534 0 0.25
426 534 0 0
427 534 0 0
428 534 0 0
429 534 0 0
430 534 0 0
431 534 0 0
432 534 0 0
433 534 0 0
434 534 0 0
435 534 0 0
436 535 1.5 1.25
437 535 -0.5 -1.5
438 535 0 0.25
439 535 0 0
440 535 0 0
441 535 0 0
442 535 0 0
443 535 0 0
444 536 1.5 1.25
445 536 -0.5 -1.5
446 536 0 0.25
447 536 0 0
448 536 0 0
449 536 0 0
450 537 1.5 1.25
451 537 -0.5 -1.5
452 537 0 0.25
453 537 0 0
454 537 0 0
455 537 0 0
456 538 1.5 1.25
457 538 -0.5 -1.5
458 538 0 0.25
459 538 0 0
460 539 1.5 1.25
461 539 -0.5 -1.5
462 539 0 0.25
463 539 0 0
464 539 0 0
465 540 1.5 1.25
466 540 -0.5 -1.5
467 540 0 0.25
468 540 0 0
469 540 0 0
470 540 0 0
471 540 0 0
472 540 0 0
473 540 0 0
474 541 1.5 1.25
475 541 -0.5 -1.5
476 541 0 0.25
477 541 0 0
478 541 0 0
479 541 0 0
480 541 0 0
481 541 0 0
482 542 1.5 1.25
483 542 -0.5 -1.5
484 542 0 0.25
485 542 0 0
486 542 0 0
487 542 0 0
488 542 0 0
489 543 1.5 1.25
490 543 -0.5 -1.5
491 543 0 0.25
492 543 0 0
493 543 0 0
494 543 0 0
495 544 1.5 1.25
496 544 -0.5 -1.5
497 544 0 0.25
498 544 0 0
499 544 0 0
500 544 0 0
501 544 0 0
502 545 1.5 1.25
503 545 -0.5 -1.5
504 545 0 0.25
505 545 0 0
506 545 0 0
507 546 1.5 1.25
508 546 -0.5 -1.5
509 546 0 0.25
510 546 0 0
511 546 0 0
512 546 0 0
513 546 0 0
514 546 0 0
515 547 1.5 1.25
516 547 -0.5 -1.5
517 547 0 0.25
518 547 0 0
519 547 0 0
520 547 0 0
521 547 0 0
522 548 1.5 1.25
523 548 -0.5 -1.5
524 548 0 0.25
525 548 0 0
526 548 0 0
527 549 1.5 1.25
528 549 -0.5 -1.5
529 549 0 0.25
530 549 0 0
531 549 0 0
532 550 1.5 1.25
533 550 -0.5 -1.5
534 550 0 0.25
535 550 0 0
536 550 0 0
537 550 0 0
538 550 0 0
539 551 1.5 1.25
540 551 -0.5 -1.5
541 551 0 0.25
542 551 0 0
543 551 0 0
544 551 0 0
545 552 1.5 1.25
546 552 -0.5 -1.5
547 552 0 0.25
548 552 0 0
549 552 0 0
550 553 1.5 1.25
551 553 -0.5 -1.5
552 553 0 0.25
553 553 0 0
554 553 0 0
555 554 1.5 1.25
556 554 -0.5 -1.5
557 554 0 0.25
558 554 0 0
559 554 0 0
560 554 0 0
561 555 1.5 1.25
562 555 -0.5 -1.5
563 555 0 0.25
564 555 0 0
565 555 0 0
566 556 1.5 1.25
567 556 -0.5 -1.5
568 556 0 0.25
569 556 0 0
570 556 0 0
571 556 0 0
572 556 0 0
573 556 0 0
574 556 0 0
575 556 0 0
576 557 1.5 1.25
577 557 -0.5 -1.5
578 557 0 0.25
579 557 0 0
580 557 0 0
581 557 0 0
582 558 1.5 1.25
583 558 -0.5 -1.5
584 558 0 0.25
585 558 0 0
586 558 0 0
587 558 0 0
588 559 1.5 1.25
589 559 -0.5 -1.5
590 559 0 0.25
591 559 0 0
592 559 0 0
593 559 0 0
594 559 0 0
595 559 0 0
596 560 1.5 1.25
597 560 -0.5 -1.5
598 560 0 0.25
599 560 0 0
