Time[s] CO2_smooth[ppm] dCO2_dt[ppm/s] d2CO2_dt2[ppm/s^2]
0 561 nan nan
1 565 nan nan
2 568 2.5 -1
3 572 4.5 1.5
4 575 2.5 -1.5
5 578 3 0.25
6 580 1.5 -1.25
7 583 3.5 1.5
8 586 3 -0.25
9 588 1.5 -1.25
10 590 2 0.25
11 591 0.5 -1.25
12 593 2.5 1.5
13 595 2 -0.25
14 596 0.5 -1.25
15 598 2.5 1.5
16 599 0.5 -1.5
17 600 1 0.25
18 606 8.5 6.25
19 618 15 6.25
20 628 9 -4
21 634 4 -4.5
22 634 -3 -6.5
23 640 9 9
24 640 -3 -9
25 648 12 11.5
26 660 14 3
27 668 6 -6
28 672 2 -4
29 672 -2 -4
30 674 3 3.5
31 676 2 -0.5
32 678 2 0
33 680 2 0
34 682 2 0
35 686 5 2.5
36 688 1 -3
37 690 2 0.5
38 694 5 2.5
39 696 1 -3
40 700 5 3
41 704 4 -0.5
42 708 4 0
43 710 1 -2.5
44 714 5 3
45 718 4 -0.5
46 722 4 0
47 724 1 -2.5
48 728 5 3
49 732 4 -0.5
50 736 4 0
51 740 4 0
52 744 4 0
53 748 4 0
54 752 4 0
55 756 4 0
56 760 4 0
57 764 4 0
58 768 4 0
59 772 4 0
60 776 4 0
61 780 4 0
62 784 4 0
63 788 4 0
64 792 4 0
65 796 4 0
66 800 4 0
67 804 4 0
68 808 4 0
69 814 7 2.5
70 818 3 -3
71 822 4 0.5
72 826 4 0
73 832 7 2.5
74 836 3 -3
75 842 7 3
76 846 3 -3
77 850 4 0.5
78 856 7 2.5
79 860 3 -3
80 864 4 0.5
81 868 4 0
82 872 4 0
83 876 4 0
84 882 7 2.5
85 886 3 -3
86 890 4 0.5
87 894 4 0
88 900 7 2.5
89 904 3 -3
90 908 4 0.5
91 914 7 2.5
92 918 3 -3
93 924 7 3
94 930 6 -0.5
95 934 3 -2.5
96 940 7 3
97 946 6 -0.5
98 950 3 -2.5
99 956 7 3
100 960 3 -3
101 966 7 3
102 982 21 12
103 1005 26.5 6.25
104 1025 18.5 -5.5
105 1039 11 -6.75
106 1046 3.5 -7.25
107 1047 -2 -5.75
108 1048 1 1.5
109 1049 1 0
110 1050 1 0
111 1051 1 0
112 1052 1 0
113 1054 2.5 1.25
114 1055 0.5 -1.5
115 1056 1 0.25
116 1058 2.5 1.25
117 1059 0.5 -1.5
118 1061 2.5 1.5
119 1063 2 -0.25
120 1065 2 0
121 1068 3.5 1.25
122 1070 1.5 -1.5
123 1072 2 0.25
124 1074 2 0
125 1077 3.5 1.25
126 1079 1.5 -1.5
127 1081 2 0.25
128 1084 3.5 1.25
129 1086 1.5 -1.5
130 1089 3.5 1.5
131 1091 1.5 -1.5
132 1094 3.5 1.5
133 1102 10.5 6
134 1117 18.5 7.5
135 1137 22.5 4.5
136 1152 12.5 -7.5
137 1159 3 -8.75
138 1160 -2 -5.5
139 1161 1 1.5
140 1162 1 0
141 1163 1 0
142 1164 1 0
143 1165 1 0
144 1166 1 0
145 1167 1 0
146 1169 2.5 1.25
147 1171 2 -0.25
148 1173 2 0
149 1174 0.5 -1.25
150 1176 2.5 1.5
151 1177 0.5 -1.5
152 1179 2.5 1.5
153 1180 0.5 -1.5
154 1182 2.5 1.5
155 1184 2 -0.25
156 1186 2 0
157 1188 2 0
158 1190 2 0
159 1192 2 0
160 1195 3.5 1.25
161 1197 1.5 -1.5
162 1197 -1 -2.25
163 1199 3 3
164 1202 3.5 0.75
165 1205 3 -0.25
166 1207 1.5 -1.25
167 1210 3.5 1.5
168 1212 1.5 -1.5
169 1215 3.5 1.5
170 1217 1.5 -1.5
171 1220 3.5 1.5
172 1223 3 -0.25
173 1225 1.5 -1.25
174 1228 3.5 1.5
175 1231 3 -0.25
176 1234 3 0
177 1236 1.5 -1.25
178 1239 3.5 1.5
179 1242 3 -0.25
180 1244 1.5 -1.25
181 1247 3.5 1.5
182 1249 1.5 -1.5
183 1252 3.5 1.5
184 1254 1.5 -1.5
185 1257 3.5 1.5
186 1260 3 -0.25
187 1262 1.5 -1.25
188 1265 3.5 1.5
189 1267 1.5 -1.5
190 1270 3.5 1.5
191 1272 1.5 -1.5
192 1275 3.5 1.5
193 1277 1.5 -1.5
194 1279 2 0.25
195 1282 3.5 1.25
196 1285 3 -0.25
197 1287 1.5 -1.25
198 1290 3.5 1.5
199 1292 1.5 -1.5
200 1295 3.5 1.5
201 1297 1.5 -1.5
202 1300 3.5 1.5
203 1302 1.5 -1.5
204 1305 3.5 1.5
205 1307 1.5 -1.5
206 1310 3.5 1.5
207 1312 1.5 -1.5
208 1315 3.5 1.5
209 1318 3 -0.25
210 1320 1.5 -1.25
211 1323 3.5 1.5
212 1325 1.5 -1.5
213 1328 3.5 1.5
214 1330 1.5 -1.5
215 1333 3.5 1.5
216 1335 1.5 -1.5
217 1337 2 0.25
218 1339 2 0
219 1341 2 0
220 1343 2 0
221 1345 2 0
222 1348 3.5 1.25
223 1350 1.5 -1.5
224 1352 2 0.25
225 1354 2 0
226 1357 3.5 1.25
227 1359 1.5 -1.5
228 1361 2 0.25
229 1364 3.5 1.25
230 1366 1.5 -1.5
231 1368 2 0.25
232 1370 2 0
233 1372 2 0
234 1374 2 0
235 1376 2 0
236 1378 2 0
237 1379 0.5 -1.25
238 1381 2.5 1.5
239 1383 2 -0.25
240 1384 0.5 -1.25
241 1386 2.5 1.5
242 1388 2 -0.25
243 1389 0.5 -1.25
244 1391 2.5 1.5
245 1393 2 -0.25
246 1395 2 0
247 1397 2 0
248 1399 2 0
249 1400 0.5 -1.25
250 1402 2.5 1.5
251 1404 2 -0.25
252 1406 2 0
253 1408 2 0
254 1409 0.5 -1.25
255 1411 2.5 1.5
256 1413 2 -0.25
257 1414 0.5 -1.25
258 1416 2.5 1.5
259 1418 2 -0.25
260 1420 2 0
261 1421 0.5 -1.25
262 1423 2.5 1.5
263 1425 2 -0.25
264 1427 2 0
265 1429 2 0
266 1431 2 0
267 1433 2 0
268 1434 0.5 -1.25
269 1436 2.5 1.5
270 1438 2 -0.25
271 1440 2 0
272 1442 2 0
273 1444 2 0
274 1446 2 0
275 1448 2 0
276 1449 0.5 -1.25
277 1451 2.5 1.5
278 1452 0.5 -1.5
279 1454 2.5 1.5
280 1456 2 -0.25
281 1457 0.5 -1.25
282 1459 2.5 1.5
283 1461 2 -0.25
284 1462 0.5 -1.25
285 1464 2.5 1.5
286 1466 2 -0.25
287 1467 0.5 -1.25
288 1469 2.5 1.5
289 1470 0.5 -1.5
290 1472 2.5 1.5
291 1473 0.5 -1.5
292 1475 2.5 1.5
293 1476 0.5 -1.5
294 1478 2.5 1.5
295 1479 0.5 -1.5
296 1481 2.5 1.5
297 1482 0.5 -1.5
298 1483 1 0.25
299 1484 1 0
300 1486 2.5 1.25
301 1486 -1 -2.75
302 1488 3 3
303 1489 0.5 -1.75
304 1491 2.5 1.5
305 1492 0.5 -1.5
507 1812 2.16544 0.506156
508 1813 0.997122 -0.00578361
509 1815 2.5 1.25144
510 1817 2 -0.25
511 1819 2 0
512 1820 0.5 -1.25
513 1822 2.5 1.5
514 1823 0.5 -1.5
515 1825 2.5 1.5
516 1826 0.5 -1.5
517 1828 2.5 1.5
518 1829 0.5 -1.5
519 1831 2.5 1.5
520 1833 2 -0.25
521 1835 2 0
522 1837 2 0
523 1839 2 0
524 1840 0.5 -1.25
525 1842 2.5 1.5
526 1844 2 -0.25
527 1846 2 0
528 1847 0.5 -1.25
529 1849 2.5 1.5
530 1851 2 -0.25
531 1853 2 0
532 1855 2 0
533 1857 2 0
534 1858 0.5 -1.25
535 1860 2.5 1.5
536 1862 2 -0.25
537 1864 2 0
538 1866 2 0
539 1867 0.5 -1.25
540 1869 2.5 1.5
541 1870 0.5 -1.5
542 1872 2.5 1.5
543 1873 0.5 -1.5
544 1875 2.5 1.5
545 1877 2 -0.25
546 1879 2 0
547 1881 2 0
548 1883 2 0
549 1885 2 0
550 1887 2 0
551 1889 2 0
552 1891 2 0
553 1893 2 0
554 1895 2 0
555 1897 2 0
556 1899 2 0
557 1900 0.5 -1.25
558 1902 2.5 1.5
559 1904 2 -0.25
560 1906 2 0
561 1908 2 0
562 1910 2 0
563 1912 2 0
564 1914 2 0
565 1916 2 0
566 1918 2 0
567 1920 2 0
568 1922 2 0
569 1924 2 0
570 1926 2 0
571 1928 2 0
572 1930 2 0
573 1932 2 0
574 1934 2 0
575 1936 2 0
576 1938 2 0
577 1940 2 0
578 1943 3.5 1.25
579 1945 1.5 -1.5
580 1947 2 0.25
581 1949 2 0
582 1949 -1 -2.5
583 1951 3 3
584 1953 2 -0.5
585 1955 2 0
586 1957 2 0
587 1959 2 0
588 1961 2 0
589 1963 2 0
590 1965 2 0
591 1968 3.5 1.25
592 1970 1.5 -1.5
593 1972 2 0.25
594 1974 2 0
595 1976 2 0
596 1978 2 0
597 1980 2 0
598 1981 0.5 -1.25
599 1983 2.5 1.5
